  time[s]                    u[ft/s]                   v[ft/s]                  w[ft/s]                    p[rad/s]                  q[rad/s]                  r[rad/s]                 xf[ft]                     yf[ft]                    zf[ft]                    e0                        ex                        ey                        ez                        aileron[deg]              elevator[deg]             rudder[deg]               throttle
   0.0000000000000000        50.000000000000000        0.0000000000000000        0.0000000000000000        0.0000000000000000        0.0000000000000000        0.0000000000000000        0.0000000000000000        0.0000000000000000       -300.00000000000000        1.0000000000000000        0.0000000000000000        0.0000000000000000        0.0000000000000000     
   1.0000000000000000E-002   49.103119296430997        0.0000000000000000       0.32465207618376718        0.0000000000000000       -2.0980720899442829E-304   0.0000000000000000       0.49548903230415897        0.0000000000000000       -299.99838159440111        1.0000000000000000        0.0000000000000000        0.0000000000000000        0.0000000000000000     
   2.0000000000000000E-002   48.237266046227063        0.0000000000000000       0.65508150588508518        0.0000000000000000       -4.1235616907478614E-304   0.0000000000000000       0.98216579079507027        0.0000000000000000       -299.99348770170781        1.0000000000000000        0.0000000000000000        0.0000000000000000        0.0000000000000000     
   2.9999999999999999E-002   47.400820792574137        0.0000000000000000       0.99119492106461160        0.0000000000000000       -6.0802571960387221E-304   0.0000000000000000        1.4603323616035166        0.0000000000000000       -299.98526101871192        1.0000000000000000        0.0000000000000000        0.0000000000000000        0.0000000000000000     
   4.0000000000000001E-002   46.592268751754844        0.0000000000000000        1.3329031238711795        0.0000000000000000       -7.9717021377794405E-304   0.0000000000000000        1.9302751672731766        0.0000000000000000       -299.97364515501596        1.0000000000000000        0.0000000000000000        0.0000000000000000        0.0000000000000000     
   5.0000000000000003E-002   45.810191133027196        0.0000000000000000        1.6801210741769284        0.0000000000000000       -9.8012154916658931E-304   0.0000000000000000        2.3922659693455479        0.0000000000000000       -299.95858459140999        1.0000000000000000        0.0000000000000000        0.0000000000000000        0.0000000000000000     
   6.0000000000000005E-002   45.053257301646994        0.0000000000000000        2.0327678961468258        0.0000000000000000       -1.1571910010160684E-303   0.0000000000000000        2.8465627884426143        0.0000000000000000       -299.94002463827701        1.0000000000000000        0.0000000000000000        0.0000000000000000        0.0000000000000000     
   7.0000000000000007E-002   44.320217691654463        0.0000000000000000        2.3907669030100562        0.0000000000000000       -1.3286708801604011E-303   0.0000000000000000        3.2934107498012910        0.0000000000000000       -299.91791139384100        1.0000000000000000        0.0000000000000000        0.0000000000000000        0.0000000000000000     
   8.0000000000000002E-002   43.609897386740812        0.0000000000000000        2.7540456392683974        0.0000000000000000       -1.4948360346485741E-303   0.0000000000000000        3.7330428613398268        0.0000000000000000       -299.89219170207946        1.0000000000000000        0.0000000000000000        0.0000000000000000        0.0000000000000000     
   8.9999999999999997E-002   42.921190297586264        0.0000000000000000        3.1225359396357524        0.0000000000000000       -1.6559452118392450E-303   0.0000000000000000        4.1656807305711281        0.0000000000000000       -299.86281311012965        1.0000000000000000        0.0000000000000000        0.0000000000000000        0.0000000000000000     
   9.9999999999999992E-002   42.253053872762067        0.0000000000000000        3.4961740040546632        0.0000000000000000       -1.8122422956788866E-303   0.0000000000000000        4.5915352260064362        0.0000000000000000       -299.82972382502459        1.0000000000000000        0.0000000000000000        0.0000000000000000        0.0000000000000000     
  0.10999999999999999        41.604504287820085        0.0000000000000000        3.8749004881810949        0.0000000000000000       -1.9639574321175462E-303   0.0000000000000000        5.0108070881022799        0.0000000000000000       -299.79287266960097        1.0000000000000000        0.0000000000000000        0.0000000000000000        0.0000000000000000     
  0.11999999999999998        40.974612063726781        0.0000000000000000        4.2586606087690493        0.0000000000000000       -2.1113080540881309E-303   0.0000000000000000        5.4236874942832838        0.0000000000000000       -299.75220903742729        1.0000000000000000        0.0000000000000000        0.0000000000000000        0.0000000000000000     
  0.12999999999999998        40.362498071477212        0.0000000000000000        4.6474042634226747        0.0000000000000000       -2.2544998161466378E-303   0.0000000000000000        5.8303585821140480        0.0000000000000000       -299.70768284660579        1.0000000000000000        0.0000000000000000        0.0000000000000000        0.0000000000000000     
  0.13999999999999999        39.767329884671398        0.0000000000000000        5.0410861642163649        0.0000000000000000       -2.3937274477135769E-303   0.0000000000000000        6.2309939342869551        0.0000000000000000       -299.65924449230732        1.0000000000000000        0.0000000000000000        0.0000000000000000        0.0000000000000000     
  0.14999999999999999        39.188318446152437        0.0000000000000000        5.4396659847138293        0.0000000000000000       -2.5291755328469702E-303   0.0000000000000000        6.6257590287326709        0.0000000000000000       -299.60684479790257        1.0000000000000000        0.0000000000000000        0.0000000000000000        0.0000000000000000     
  0.16000000000000000        38.624715018579948        0.0000000000000000        5.8431085199461030        0.0000000000000000       -2.6610192235943872E-303   0.0000000000000000        7.0148116568403740        0.0000000000000000       -299.55043496455772        1.0000000000000000        0.0000000000000000        0.0000000000000000        0.0000000000000000     
  0.17000000000000001        38.075808392117963        0.0000000000000000        6.2513838589368289        0.0000000000000000       -2.7894248931982219E-303   0.0000000000000000        7.3983023124903946        0.0000000000000000       -299.48996651916758        1.0000000000000000        0.0000000000000000        0.0000000000000000        0.0000000000000000     
  0.18000000000000002        37.540922325316053        0.0000000000000000        6.6644675693917499        0.0000000000000000       -2.9145507347501040E-303   0.0000000000000000        7.7763745543485268        0.0000000000000000       -299.42539126050218        1.0000000000000000        0.0000000000000000        0.0000000000000000        0.0000000000000000     
  0.19000000000000003        37.019413197809925        0.0000000000000000        7.0823408941990360        0.0000000000000000       -3.0365473102944027E-303   0.0000000000000000        8.1491653436450964        0.0000000000000000       -299.35666120344712        1.0000000000000000        0.0000000000000000        0.0000000000000000        0.0000000000000000     
  0.20000000000000004        36.510667855708945        0.0000000000000000        7.5049909594187074        0.0000000000000000       -3.1555580548564967E-303   0.0000000000000000        8.5168053594595605        0.0000000000000000       -299.28372852122129        1.0000000000000000        0.0000000000000000        0.0000000000000000        0.0000000000000000     
  0.21000000000000005        36.014101632512521        0.0000000000000000        7.9324109934739102        0.0000000000000000       -3.2717197394095972E-303   0.0000000000000000        8.8794192933501694        0.0000000000000000       -299.20654548545843        1.0000000000000000        0.0000000000000000        0.0000000000000000        0.0000000000000000     
  0.22000000000000006        35.529156530138827        0.0000000000000000        8.3646005572949669        0.0000000000000000       -3.3851628963865102E-303   0.0000000000000000        9.2371261250055419        0.0000000000000000       -299.12506440404172        1.0000000000000000        0.0000000000000000        0.0000000000000000        0.0000000000000000     
  0.23000000000000007        35.055299546187214        0.0000000000000000        8.8015657852099469        0.0000000000000000       -3.4960122109829608E-303   0.0000000000000000        9.5900393804486725        0.0000000000000000       -299.03923755658326        1.0000000000000000        0.0000000000000000        0.0000000000000000        0.0000000000000000     
  0.24000000000000007        34.592021134915328        0.0000000000000000        9.2433196364237489        0.0000000000000000       -3.6043868811810579E-303   0.0000000000000000        9.9382673741920513        0.0000000000000000       -298.94901712744132        1.0000000000000000        0.0000000000000000        0.0000000000000000        0.0000000000000000     
  0.25000000000000006        34.138833790615067        0.0000000000000000        9.6898821569823781        0.0000000000000000       -3.7104009491400071E-303   0.0000000000000000        10.281913436623523        0.0000000000000000       -298.85435513617068        1.0000000000000000        0.0000000000000000        0.0000000000000000        0.0000000000000000     
  0.26000000000000006        33.695270743137542        0.0000000000000000        10.141280752180982        0.0000000000000000       -3.8141636063518222E-303   0.0000000000000000        10.621076127794773        0.0000000000000000       -298.75520336530070        1.0000000000000000        0.0000000000000000        0.0000000000000000        0.0000000000000000     
  0.27000000000000007        33.260884756262499        0.0000000000000000        10.597550469444252        0.0000000000000000       -3.9157794747386384E-303   0.0000000000000000        10.955849438686691        0.0000000000000000       -298.65151328533727        1.0000000000000000        0.0000000000000000        0.0000000000000000        0.0000000000000000     
  0.28000000000000008        32.835247020447142        0.0000000000000000        11.058734291786720        0.0000000000000000       -4.0153488656718638E-303   0.0000000000000000        11.286322980937056        0.0000000000000000       -298.54323597688307        1.0000000000000000        0.0000000000000000        0.0000000000000000        0.0000000000000000     
  0.29000000000000009        32.417946132235578        0.0000000000000000        11.524883442049196        0.0000000000000000       -4.1129680187188199E-303   0.0000000000000000        11.612582165935150        0.0000000000000000       -298.43032204976953        1.0000000000000000        0.0000000000000000        0.0000000000000000        0.0000000000000000     
  0.30000000000000010        32.008587153274618        0.0000000000000000        11.996057698206714        0.0000000000000000       -4.2087293217670794E-303   0.0000000000000000        11.934708374114130        0.0000000000000000       -298.31272155909153        1.0000000000000000        0.0000000000000000        0.0000000000000000        0.0000000000000000     
  0.31000000000000011        31.606790742474402        0.0000000000000000        12.472325720153695        0.0000000000000000       -4.3027215140380398E-303   0.0000000000000000        12.252779115204440        0.0000000000000000       -298.19038391803184        1.0000000000000000        0.0000000000000000        0.0000000000000000        0.0000000000000000     
  0.32000000000000012        31.212192355382165        0.0000000000000000        12.953765388494167        0.0000000000000000       -4.3950298733773328E-303   0.0000000000000000        12.566868180149628        0.0000000000000000       -298.06325780735818        1.0000000000000000        0.0000000000000000        0.0000000000000000        0.0000000000000000     
  0.33000000000000013        30.824441505312269        0.0000000000000000        13.440464155999438        0.0000000000000000       -4.4857363890985988E-303   0.0000000000000000        12.877045785329047        0.0000000000000000       -297.93129108146985        1.0000000000000000        0.0000000000000000        0.0000000000000000        0.0000000000000000     
  0.34000000000000014        30.443201081202400        0.0000000000000000        13.932519412543039        0.0000000000000000       -4.5749199215573161E-303   0.0000000000000000        13.183378709679523        0.0000000000000000       -297.79443067086282        1.0000000000000000        0.0000000000000000        0.0000000000000000        0.0000000000000000     
  0.35000000000000014        30.068146717550754        0.0000000000000000        14.430038864483658        0.0000000000000000       -4.6626563495413301E-303   0.0000000000000000        13.485930425259699        0.0000000000000000       -297.65262248087441        1.0000000000000000        0.0000000000000000        0.0000000000000000        0.0000000000000000     
  0.36000000000000015        29.698966212137719        0.0000000000000000        14.933140929641484        0.0000000000000000       -4.7490187064831546E-303   0.0000000000000000        13.784761221756126        0.0000000000000000       -297.50581128655705        1.0000000000000000        0.0000000000000000        0.0000000000000000        0.0000000000000000     
  0.37000000000000016        29.335358987552816        0.0000000000000000        15.441955149202370        0.0000000000000000       -4.8340773064249242E-303   0.0000000000000000        14.079928325388790        0.0000000000000000       -297.35394062351884        1.0000000000000000        0.0000000000000000        0.0000000000000000        0.0000000000000000     
  0.38000000000000017        28.977035592837712        0.0000000000000000        15.956622618087955        0.0000000000000000       -4.9178998605989874E-303   0.0000000000000000        14.371486012635442        0.0000000000000000       -297.19695267455415        1.0000000000000000        0.0000000000000000        0.0000000000000000        0.0000000000000000     
  0.39000000000000018        28.623717241822970        0.0000000000000000        16.477296435548720        0.0000000000000000       -5.0005515854247441E-303   0.0000000000000000        14.659485719158582        0.0000000000000000       -297.03478815187106        1.0000000000000000        0.0000000000000000        0.0000000000000000        0.0000000000000000     
  0.40000000000000019        28.275135384982871        0.0000000000000000        17.004142177971588        0.0000000000000000       -5.0820953026646029E-303   0.0000000000000000        14.943976144285946        0.0000000000000000       -296.86738617470320        1.0000000000000000        0.0000000000000000        0.0000000000000000        0.0000000000000000     
  0.41000000000000020        27.931031311862061        0.0000000000000000        17.537338396144619        0.0000000000000000       -5.1625915324282726E-303   0.0000000000000000        15.225003351364764        0.0000000000000000       -296.69468414207364        1.0000000000000000        0.0000000000000000        0.0000000000000000        0.0000000000000000     
  0.42000000000000021        27.591155781342387        0.0000000000000000        18.077077139489493        0.0000000000000000       -5.2420985796644017E-303   0.0000000000000000        15.502610864281680        0.0000000000000000       -296.51661760045334        1.0000000000000000        0.0000000000000000        0.0000000000000000        0.0000000000000000     
  0.43000000000000022        27.255268677219942        0.0000000000000000        18.623564510058834        0.0000000000000000       -5.3206726147314071E-303   0.0000000000000000        15.776839760413909        0.0000000000000000       -296.33312010603083        1.0000000000000000        0.0000000000000000        0.0000000000000000        0.0000000000000000     
  0.44000000000000022        26.923138686752718        0.0000000000000000        19.177021249401346        0.0000000000000000       -5.3983677485947848E-303   0.0000000000000000        16.047728760252905        0.0000000000000000       -296.14412308128021        1.0000000000000000        0.0000000000000000        0.0000000000000000        0.0000000000000000     
  0.45000000000000023        26.594543000019787        0.0000000000000000        19.737683361724706        0.0000000000000000       -5.4752361031559881E-303   0.0000000000000000        16.315314313919284        0.0000000000000000       -295.94955566548242        1.0000000000000000        0.0000000000000000        0.0000000000000000        0.0000000000000000     
  0.46000000000000024        26.269267028104306        0.0000000000000000        20.305802777136503        0.0000000000000000       -5.5513278771778453E-303   0.0000000000000000        16.579630684767039        0.0000000000000000       -295.74934455881731        1.0000000000000000        0.0000000000000000        0.0000000000000000        0.0000000000000000     
  0.47000000000000025        25.947104138275908        0.0000000000000000        20.881648059119442        0.0000000000000000       -5.6266914082333162E-303   0.0000000000000000        16.840710030256041        0.0000000000000000       -295.54341385960618        1.0000000000000000        0.0000000000000000        0.0000000000000000        0.0000000000000000     
  0.48000000000000026        25.627855404503496        0.0000000000000000        21.465505160801914        0.0000000000000000       -5.7013732310680087E-303   0.0000000000000000        17.098582480254347        0.0000000000000000       -295.33168489423912        1.0000000000000000        0.0000000000000000        0.0000000000000000        0.0000000000000000     
  0.49000000000000027        25.311329371777433        0.0000000000000000        22.057678235022266        0.0000000000000000       -5.7754181327322634E-303   0.0000000000000000        17.353276212915894        0.0000000000000000       -295.11407603927540        1.0000000000000000        0.0000000000000000        0.0000000000000000        0.0000000000000000     
  0.50000000000000022        24.997341832860915        0.0000000000000000        22.658490503659330        0.0000000000000000       -5.8488692048056802E-303   0.0000000000000000        17.604817528264636        0.0000000000000000       -294.89050253515165        1.0000000000000000        0.0000000000000000        0.0000000000000000        0.0000000000000000     
  0.51000000000000023        24.685715616223789        0.0000000000000000        23.268285192218134        0.0000000000000000       -5.9217678930057412E-303   0.0000000000000000        17.853230919603117        0.0000000000000000       -294.66087629087542        1.0000000000000000        0.0000000000000000        0.0000000000000000        0.0000000000000000     
  0.52000000000000024        24.376280384038246        0.0000000000000000        23.887426536224126        0.0000000000000000       -5.9941540444426552E-303   0.0000000000000000        18.098539142851553        0.0000000000000000       -294.42510567901968        1.0000000000000000        0.0000000000000000        0.0000000000000000        0.0000000000000000     
  0.53000000000000025        24.068872439234720        0.0000000000000000        24.516300866599078        0.0000000000000000       -6.0660659527547499E-303   0.0000000000000000        18.340763283912977        0.0000000000000000       -294.18309532026484        1.0000000000000000        0.0000000000000000        0.0000000000000000        0.0000000000000000     
  0.54000000000000026        23.763334540727591        0.0000000000000000        25.155317781875070        0.0000000000000000       -6.1375404013327062E-303   0.0000000000000000        18.579922824150479        0.0000000000000000       -293.93474585665950        1.0000000000000000        0.0000000000000000        0.0000000000000000        0.0000000000000000     
  0.55000000000000027        23.459515726024055        0.0000000000000000        25.804911415859159        0.0000000000000000       -6.2086127048166443E-303   0.0000000000000000        18.816035704054229        0.0000000000000000       -293.67995371268944        1.0000000000000000        0.0000000000000000        0.0000000000000000        0.0000000000000000     
  0.56000000000000028        23.157271140525552        0.0000000000000000        26.465541810201422        0.0000000000000000       -6.2793167490276250E-303   0.0000000000000000        19.049118385168608        0.0000000000000000       -293.41861084315366        1.0000000000000000        0.0000000000000000        0.0000000000000000        0.0000000000000000     
  0.57000000000000028        22.856461872919464        0.0000000000000000        27.137696402255450        0.0000000000000000       -6.3496850294744525E-303   0.0000000000000000        19.279185910343248        0.0000000000000000       -293.15060446674721        1.0000000000000000        0.0000000000000000        0.0000000000000000        0.0000000000000000     
  0.58000000000000029        22.556954796139376        0.0000000000000000        27.821891639667466        0.0000000000000000       -6.4197486885578215E-303   0.0000000000000000        19.506251962366257        0.0000000000000000       -292.87581678414216        1.0000000000000000        0.0000000000000000        0.0000000000000000        0.0000000000000000     
  0.59000000000000030        22.258622413445167        0.0000000000000000        28.518674734304437        0.0000000000000000       -6.4895375515767864E-303   0.0000000000000000        19.730328921032971        0.0000000000000000       -292.59412467923659        1.0000000000000000        0.0000000000000000        0.0000000000000000        0.0000000000000000     
  0.60000000000000031        21.961342709239680        0.0000000000000000        29.228625569451783        0.0000000000000000       -6.5590801616272024E-303   0.0000000000000000        19.951427918699501        0.0000000000000000       -292.30539940211042        1.0000000000000000        0.0000000000000000        0.0000000000000000        0.0000000000000000     
  0.61000000000000032        21.664999004296849        0.0000000000000000        29.952358775699203        0.0000000000000000       -6.6284038134681966E-303   0.0000000000000000        20.169558894366741        0.0000000000000000       -292.00950623207927        1.0000000000000000        0.0000000000000000        0.0000000000000000        0.0000000000000000     
  0.62000000000000033        21.369479815127413        0.0000000000000000        30.690525992613601        0.0000000000000000       -6.6975345864207287E-303   0.0000000000000000        20.384730646337566        0.0000000000000000       -291.70630411907553        1.0000000000000000        0.0000000000000000        0.0000000000000000        0.0000000000000000     
  0.63000000000000034        21.074678717252816        0.0000000000000000        31.443818335200096        0.0000000000000000       -6.7664973763519128E-303   0.0000000000000000        20.596950883487391        0.0000000000000000       -291.39564530140547        1.0000000000000000        0.0000000000000000        0.0000000000000000        0.0000000000000000     
  0.64000000000000035        20.780494212196103        0.0000000000000000        32.212969086308732        0.0000000000000000       -6.8353159267898283E-303   0.0000000000000000        20.806226275186198        0.0000000000000000       -291.07737489773064        1.0000000000000000        0.0000000000000000        0.0000000000000000        0.0000000000000000     
  0.65000000000000036        20.486829598031012        0.0000000000000000        32.998756638594323        0.0000000000000000       -6.9040128592059503E-303   0.0000000000000000        21.012562499908395        0.0000000000000000       -290.75133047089815        1.0000000000000000        0.0000000000000000        0.0000000000000000        0.0000000000000000     
  0.66000000000000036        20.193592843357393        0.0000000000000000        33.802007712424938        0.0000000000000000       -6.9726097024960703E-303   0.0000000000000000        21.215964292565388        0.0000000000000000       -290.41734156099511        1.0000000000000000        0.0000000000000000        0.0000000000000000        0.0000000000000000     
  0.67000000000000037        19.900696464593153        0.0000000000000000        34.623600879312590        0.0000000000000000       -7.0411269216853808E-303   0.0000000000000000        21.416435490594584        0.0000000000000000       -290.07522918472205        1.0000000000000000        0.0000000000000000        0.0000000000000000        0.0000000000000000     
  0.68000000000000038        19.608057406490428        0.0000000000000000        35.464470424069368        0.0000000000000000       -7.1095839458793095E-303   0.0000000000000000        21.613979078837485        0.0000000000000000       -289.72480529786810        1.0000000000000000        0.0000000000000000        0.0000000000000000        0.0000000000000000     
  0.69000000000000039        19.315596925797447        0.0000000000000000        36.325610583044430        0.0000000000000000       -7.1779991954784908E-303   0.0000000000000000        21.808597233238761        0.0000000000000000       -289.36587221731725        1.0000000000000000        0.0000000000000000        0.0000000000000000        0.0000000000000000     
  0.70000000000000040        19.023240477997671        0.0000000000000000        37.208080200556431        0.0000000000000000       -7.2463901086738676E-303   0.0000000000000000        22.000291363397352        0.0000000000000000       -288.99822199861813        1.0000000000000000        0.0000000000000000        0.0000000000000000        0.0000000000000000     
  0.71000000000000041        18.730917607064992        0.0000000000000000        38.113007851100804        0.0000000000000000       -7.3147731672362436E-303   0.0000000000000000        22.189062154000116        0.0000000000000000       -288.62163576470334        1.0000000000000000        0.0000000000000000        0.0000000000000000        0.0000000000000000     
  0.72000000000000042        18.438561838178465        0.0000000000000000        39.041597481198913        0.0000000000000000       -7.3831639216135147E-303   0.0000000000000000        22.374909605167858        0.0000000000000000       -288.23588298083575        1.0000000000000000        0.0000000000000000        0.0000000000000000        0.0000000000000000     
  0.73000000000000043        18.146110573342593        0.0000000000000000        39.995134632005076        0.0000000000000000       -7.4515770153482087E-303   0.0000000000000000        22.557833071743080        0.0000000000000000       -287.84072067028706        1.0000000000000000        0.0000000000000000        0.0000000000000000        0.0000000000000000     
  0.74000000000000044        17.853504989860014        0.0000000000000000        40.974993312162560        0.0000000000000000       -7.5200262088277553E-303   0.0000000000000000        22.737831301548244        0.0000000000000000       -287.43589256460081        1.0000000000000000        0.0000000000000000        0.0000000000000000        0.0000000000000000     
  0.75000000000000044        17.560689941602917        0.0000000000000000        41.982643600097134        0.0000000000000000       -7.5885244023800523E-303   0.0000000000000000        22.914902472642801        0.0000000000000000       -287.02112818155007        1.0000000000000000        0.0000000000000000        0.0000000000000000        0.0000000000000000     
  0.76000000000000045        17.267613863028025        0.0000000000000000        43.019660066191406        0.0000000000000000       -7.6570836587272350E-303   0.0000000000000000        23.089044229606692        0.0000000000000000       -286.59614182305330        1.0000000000000000        0.0000000000000000        0.0000000000000000        0.0000000000000000     
  0.77000000000000046        16.974228675877683        0.0000000000000000        44.087731118376468        0.0000000000000000       -7.7257152248110803E-303   0.0000000000000000        23.260253718877490        0.0000000000000000       -286.16063148434381        1.0000000000000000        0.0000000000000000        0.0000000000000000        0.0000000000000000     
  0.78000000000000047        16.680489698506882        0.0000000000000000        45.188669389947670        0.0000000000000000       -7.7944295530041196E-303   0.0000000000000000        23.428527623167714        0.0000000000000000       -285.71427766457833        1.0000000000000000        0.0000000000000000        0.0000000000000000        0.0000000000000000     
  0.79000000000000048        16.386355557773200        0.0000000000000000        46.324423306267221        0.0000000000000000       -7.8632363217212254E-303   0.0000000000000000        23.593862194988311        0.0000000000000000       -285.25674206779507        1.0000000000000000        0.0000000000000000        0.0000000000000000        0.0000000000000000     
  0.80000000000000049        16.091788103423564        0.0000000000000000        47.497089987952052        0.0000000000000000       -7.9321444554471012E-303   0.0000000000000000        23.756253289303551        0.0000000000000000       -284.78766618166350        1.0000000000000000        0.0000000000000000        0.0000000000000000        0.0000000000000000     
  0.81000000000000050        15.796752324909061        0.0000000000000000        48.708929672761812        0.0000000000000000       -8.0011621441957851E-303   0.0000000000000000        23.915696395341996        0.0000000000000000       -284.30666971977195        1.0000000000000000        0.0000000000000000        0.0000000000000000        0.0000000000000000     
  0.82000000000000051        15.501216270556451        0.0000000000000000        49.962381867430935        0.0000000000000000       -8.0702968624188493E-303   0.0000000000000000        24.072186667587463        0.0000000000000000       -283.81334891123652        1.0000000000000000        0.0000000000000000        0.0000000000000000        0.0000000000000000     
  0.83000000000000052        15.205150969023030        0.0000000000000000        51.260083475026107        0.0000000000000000       -8.1395553873794570E-303   0.0000000000000000        24.225718955973186        0.0000000000000000       -283.30727461913449        1.0000000000000000        0.0000000000000000        0.0000000000000000        0.0000000000000000     
  0.84000000000000052        14.908530352959907        0.0000000000000000        52.604889184156235        0.0000000000000000       -8.2089438170098012E-303   0.0000000000000000        24.376287835301618        0.0000000000000000       -282.78799026661278        1.0000000000000000        0.0000000000000000        0.0000000000000000        0.0000000000000000     
  0.85000000000000053        14.611331184807902        0.0000000000000000        53.999894454872340        0.0000000000000000       -8.2784675872696673E-303   0.0000000000000000        24.523887633911599        0.0000000000000000       -282.25500954642285        1.0000000000000000        0.0000000000000000        0.0000000000000000        0.0000000000000000     
  0.86000000000000054        14.313532984650013        0.0000000000000000        55.448461494047919        0.0000000000000000       -8.3481314890238922E-303   0.0000000000000000        24.668512461613833        0.0000000000000000       -281.70781388600381        1.0000000000000000        0.0000000000000000        0.0000000000000000        0.0000000000000000     
  0.87000000000000055        14.015117960045018        0.0000000000000000        56.954248682513764        0.0000000000000000       -8.4179396844563864E-303   0.0000000000000000        24.810156236914846        0.0000000000000000       -281.14584963597093        1.0000000000000000        0.0000000000000000        0.0000000000000000        0.0000000000000000     
  0.88000000000000056        13.716070937768079        0.0000000000000000        58.521243999840046        0.0000000000000000       -8.4878957230380457E-303   0.0000000000000000        24.948812713548879        0.0000000000000000       -280.56852494483957        1.0000000000000000        0.0000000000000000        0.0000000000000000        0.0000000000000000     
  0.89000000000000057        13.416379297386536        0.0000000000000000        60.153803093681653        0.0000000000000000       -8.5580025570653600E-303   0.0000000000000000        25.084475506336428        0.0000000000000000       -279.97520627686521        1.0000000000000000        0.0000000000000000        0.0000000000000000        0.0000000000000000     
  0.90000000000000058        13.116032906602241        0.0000000000000000        61.856692763149546        0.0000000000000000       -8.6282625567857744E-303   0.0000000000000000        25.217138116387417        0.0000000000000000       -279.36521452282000        1.0000000000000000        0.0000000000000000        0.0000000000000000        0.0000000000000000     
  0.91000000000000059        12.815024058295933        0.0000000000000000        63.635140774959709        0.0000000000000000       -8.6986775251248883E-303   0.0000000000000000        25.346793955666360        0.0000000000000000       -278.73782064510868        1.0000000000000000        0.0000000000000000        0.0000000000000000        0.0000000000000000     
  0.92000000000000060        12.513347409214452        0.0000000000000000        65.494893113786446        0.0000000000000000       -8.7692487120293541E-303   0.0000000000000000        25.473436370936223        0.0000000000000000       -278.09224078855755        1.0000000000000000        0.0000000000000000        0.0000000000000000        0.0000000000000000     
  0.93000000000000060        12.210999920247925        0.0000000000000000        67.442279992815088        0.0000000000000000       -8.8399768284378262E-303   0.0000000000000000        25.597058667097155        0.0000000000000000       -277.42763077611238        1.0000000000000000        0.0000000000000000        0.0000000000000000        0.0000000000000000     
  0.94000000000000061        11.907980798251696        0.0000000000000000        69.484292227903595        0.0000000000000000       -8.9108620598905503E-303   0.0000000000000000        25.717654129935728        0.0000000000000000       -276.74307989408277        1.0000000000000000        0.0000000000000000        0.0000000000000000        0.0000000000000000     
  0.95000000000000062        11.604291439376762        0.0000000000000000        71.628669923210850        0.0000000000000000       -8.9819040797860706E-303   0.0000000000000000        25.835216048299969        0.0000000000000000       -276.03760385387824        1.0000000000000000        0.0000000000000000        0.0000000000000000        0.0000000000000000     
  0.96000000000000063        11.299935373882988        0.0000000000000000        73.884005846124751        0.0000000000000000       -9.0531020622910658E-303   0.0000000000000000        25.949737735715139        0.0000000000000000       -275.31013679563256        1.0000000000000000        0.0000000000000000        0.0000000000000000        0.0000000000000000     
  0.97000000000000064        10.994918212421638        0.0000000000000000        76.259866409089241        0.0000000000000000       -9.1244546949064755E-303   0.0000000000000000        26.061212551454947        0.0000000000000000       -274.55952217273949        1.0000000000000000        0.0000000000000000        0.0000000000000000        0.0000000000000000     
  0.98000000000000065        10.689247593787952        0.0000000000000000        78.766933857542355        0.0000000000000000       -9.1959601906897283E-303   0.0000000000000000        26.169633921082962        0.0000000000000000       -273.78450232387416        1.0000000000000000        0.0000000000000000        0.0000000000000000        0.0000000000000000     
  0.99000000000000066        10.382933134161105        0.0000000000000000        81.417174129299511        0.0000000000000000       -9.2676163001290374E-303   0.0000000000000000        26.274995356478932        0.0000000000000000       -272.98370649892604        1.0000000000000000        0.0000000000000000        0.0000000000000000        0.0000000000000000     
   1.0000000000000007        10.075986377868105        0.0000000000000000        84.224035958558076        0.0000000000000000       -9.3394203226611961E-303   0.0000000000000000        26.377290475365083        0.0000000000000000       -272.15563705530855        1.0000000000000000        0.0000000000000000        0.0000000000000000        0.0000000000000000     
   1.0100000000000007        9.7684207497308329        0.0000000000000000        87.202688224611308        0.0000000000000000       -9.4113691178190281E-303   0.0000000000000000        26.476513020347873        0.0000000000000000       -271.29865347854940        1.0000000000000000        0.0000000000000000        0.0000000000000000        0.0000000000000000     
   1.0200000000000007        9.4602515090819317        0.0000000000000000        90.370304396815342        0.0000000000000000       -9.4834591159884489E-303   0.0000000000000000        26.572656877491468        0.0000000000000000       -270.41095380221560        1.0000000000000000        0.0000000000000000        0.0000000000000000        0.0000000000000000     
   1.0300000000000007        9.1514957055667434        0.0000000000000000        93.746405348488722        0.0000000000000000       -9.5556863287477092E-303   0.0000000000000000        26.665716094440157        0.0000000000000000       -269.49055290215722        1.0000000000000000        0.0000000000000000        0.0000000000000000        0.0000000000000000     
   1.0400000000000007        8.8421721368860027        0.0000000000000000        97.353275004882775        0.0000000000000000       -9.6280463587526466E-303   0.0000000000000000        26.755684898108296        0.0000000000000000       -268.53525701211277        1.0000000000000000        0.0000000000000000        0.0000000000000000        0.0000000000000000     
   1.0500000000000007        8.5323013086791697        0.0000000000000000        101.21646753717386        0.0000000000000000       -9.7005344091211710E-303   0.0000000000000000        26.842557711958136        0.0000000000000000       -267.54263364286209        1.0000000000000000        0.0000000000000000        0.0000000000000000        0.0000000000000000     
   1.0600000000000007        8.2219053968031055        0.0000000000000000        105.36543051721102        0.0000000000000000       -9.7731452922574110E-303   0.0000000000000000        26.926329172888142        0.0000000000000000       -266.50997587290613        1.0000000000000000        0.0000000000000000        0.0000000000000000        0.0000000000000000     
   1.0700000000000007        7.9110082123280456        0.0000000000000000        109.83427618305485        0.0000000000000000       -9.8458734380402012E-303   0.0000000000000000        27.006994147757275        0.0000000000000000       -265.43425969783334        1.0000000000000000        0.0000000000000000        0.0000000000000000        0.0000000000000000     
   1.0800000000000007        7.5996351696561071        0.0000000000000000        114.66274357119197        0.0000000000000000       -9.9187129012811183E-303   0.0000000000000000        27.084547749574327        0.0000000000000000       -264.31209275384708        1.0000000000000000        0.0000000000000000        0.0000000000000000        0.0000000000000000     
   1.0900000000000007        7.2878132582719424        0.0000000000000000        119.89740898213702        0.0000000000000000       -9.9916573683328453E-303   0.0000000000000000        27.158985353385908        0.0000000000000000       -263.13965223391205        1.0000000000000000        0.0000000000000000        0.0000000000000000        0.0000000000000000     
   1.1000000000000008        6.9755710187674245        0.0000000000000000        125.59322290650483        0.0000000000000000       -1.0064700162697717E-302   0.0000000000000000        27.230302611902431        0.0000000000000000       -261.91260914298465        1.0000000000000000        0.0000000000000000        0.0000000000000000        0.0000000000000000     
   1.1100000000000008        6.6629385239520200        0.0000000000000000        131.81548094769951        0.0000000000000000       -1.0137834249446567E-302   0.0000000000000000        27.298495470908573        0.0000000000000000       -260.62603511932684        1.0000000000000000        0.0000000000000000        0.0000000000000000        0.0000000000000000     
   1.1200000000000008        6.3499473660813859        0.0000000000000000        138.64237875434998        0.0000000000000000       -1.0211052238206340E-302   0.0000000000000000        27.363560184513872        0.0000000000000000       -259.27428677448427        1.0000000000000000        0.0000000000000000        0.0000000000000000        0.0000000000000000     
   1.1300000000000008        6.0366306515282657        0.0000000000000000        146.16836330706502        0.0000000000000000       -1.0284346384406729E-302   0.0000000000000000        27.425493330310672        0.0000000000000000       -257.85086071314322        1.0000000000000000        0.0000000000000000        0.0000000000000000        0.0000000000000000     
   1.1400000000000008        5.7230230046108010        0.0000000000000000        154.50858596555113        0.0000000000000000       -1.0357708588384619E-302   0.0000000000000000        27.484291824521577        0.0000000000000000       -256.34820983723216        1.0000000000000000        0.0000000000000000        0.0000000000000000        0.0000000000000000     
   1.1500000000000008        5.4091605828272984        0.0000000000000000        163.80490428151319        0.0000000000000000       -1.0431130391820222E-302   0.0000000000000000        27.539952937238041        0.0000000000000000       -254.75750782748892        1.0000000000000000        0.0000000000000000        0.0000000000000000        0.0000000000000000     
   1.1600000000000008        5.0950811064902206        0.0000000000000000        174.23409957700576        0.0000000000000000       -1.0504602970804796E-302   0.0000000000000000        27.592474307877168        0.0000000000000000       -253.06834320884607        1.0000000000000000        0.0000000000000000        0.0000000000000000        0.0000000000000000     
   1.1700000000000008        4.7808239068121967        0.0000000000000000        186.01932705920734        0.0000000000000000       -1.0578117124591892E-302   0.0000000000000000        27.641853961018029        0.0000000000000000       -251.26831612651199        1.0000000000000000        0.0000000000000000        0.0000000000000000        0.0000000000000000     
   1.1800000000000008        4.4664299980484978        0.0000000000000000        199.44638581396541        0.0000000000000000       -1.0651663258721074E-302   0.0000000000000000        27.688090322825101        0.0000000000000000       -249.34249817947716        1.0000000000000000        0.0000000000000000        0.0000000000000000        0.0000000000000000     
   1.1900000000000008        4.1519421816441318        0.0000000000000000        214.88735393265267        0.0000000000000000       -1.0725231360654795E-302   0.0000000000000000        27.731182238330803        0.0000000000000000       -247.27269542347705        1.0000000000000000        0.0000000000000000        0.0000000000000000        0.0000000000000000     
   1.2000000000000008        3.8374051940095009        0.0000000000000000        232.83579525850544        0.0000000000000000       -1.0798810965209259E-302   0.0000000000000000        27.771128989940568        0.0000000000000000       -245.03642168794792        1.0000000000000000        0.0000000000000000        0.0000000000000000        0.0000000000000000     
   1.2100000000000009        3.5228659155822895        0.0000000000000000        253.96073346802825        0.0000000000000000       -1.0872391105648592E-302   0.0000000000000000        27.807930317657647        0.0000000000000000       -242.60543386395986        1.0000000000000000        0.0000000000000000        0.0000000000000000        0.0000000000000000     
   1.2200000000000009        3.2083736693049518        0.0000000000000000        279.19220085060510        0.0000000000000000       -1.0945960243862033E-302   0.0000000000000000        27.841586441727728        0.0000000000000000       -239.94358388111053        1.0000000000000000        0.0000000000000000        0.0000000000000000        0.0000000000000000     
   1.2300000000000009        2.8939806561093482        0.0000000000000000        309.86223521293778        0.0000000000000000       -1.1019506168491064E-302   0.0000000000000000        27.872098088724407        0.0000000000000000       -237.00356525334547        1.0000000000000000        0.0000000000000000        0.0000000000000000        0.0000000000000000     
   1.2400000000000009        2.5797426143476647        0.0000000000000000        347.94832173605062        0.0000000000000000       -1.1093015840668798E-302   0.0000000000000000        27.899466522632903        0.0000000000000000       -233.72179268124793        1.0000000000000000        0.0000000000000000        0.0000000000000000        0.0000000000000000     
   1.2500000000000009        2.2657198782904437        0.0000000000000000        396.51806203204342        0.0000000000000000       -1.1166475146405652E-302   0.0000000000000000        27.923693583448038        0.0000000000000000       -230.00996115704319        1.0000000000000000        0.0000000000000000        0.0000000000000000        0.0000000000000000     
   1.2600000000000009        1.9519792348358866        0.0000000000000000        460.60006816173643        0.0000000000000000       -1.1239868462249527E-302   0.0000000000000000        27.944781737670041        0.0000000000000000       -225.74031204384448        1.0000000000000000        0.0000000000000000        0.0000000000000000        0.0000000000000000     
   1.2700000000000009        1.6488097913161239        0.0000000000000000        545.61978372731483        0.0000000000000000       -1.1310788858400497E-302   0.0000000000000000        27.962734149135990        0.0000000000000000       -220.71797902545549        1.0000000000000000        0.0000000000000000        0.0000000000000000        0.0000000000000000     
   1.2800000000000009        1.4604027733834484        0.0000000000000000        616.28969674561972        0.0000000000000000       -1.1354862892360775E-302   0.0000000000000000        27.978177031684151        0.0000000000000000       -214.88488743598745        1.0000000000000000        0.0000000000000000        0.0000000000000000        0.0000000000000000     
   1.2900000000000009        1.3485560164814065        0.0000000000000000        667.73075872674497        0.0000000000000000       -1.1381027192481533E-302   0.0000000000000000        27.992182295688458        0.0000000000000000       -208.45367834465526        1.0000000000000000        0.0000000000000000        0.0000000000000000        0.0000000000000000     
   1.3000000000000009        1.2859955611661706        0.0000000000000000        700.53230291868692        0.0000000000000000       -1.1395661953237203E-302   0.0000000000000000        28.005326527025872        0.0000000000000000       -201.60036404443315        1.0000000000000000        0.0000000000000000        0.0000000000000000        0.0000000000000000     
   1.3100000000000009        1.2289581902460383        0.0000000000000000        733.37403597120215        0.0000000000000000       -1.1409004699439137E-302   0.0000000000000000        28.017901481759139        0.0000000000000000       -194.43341169332837        1.0000000000000000        0.0000000000000000        0.0000000000000000        0.0000000000000000     
   1.3200000000000010        1.1716885991572621        0.0000000000000000        769.54938538366059        0.0000000000000000       -1.1422401768880785E-302   0.0000000000000000        28.029904916987043        0.0000000000000000       -186.92178794264927        1.0000000000000000        0.0000000000000000        0.0000000000000000        0.0000000000000000     
   1.3300000000000010        1.1141668775953240        0.0000000000000000        809.60941673260982        0.0000000000000000       -1.1435857819177596E-302   0.0000000000000000        28.041334413577452        0.0000000000000000       -179.02949667667093        1.0000000000000000        0.0000000000000000        0.0000000000000000        0.0000000000000000     
   1.3400000000000010        1.0563696097218511        0.0000000000000000        854.23624577120495        0.0000000000000000       -1.1449378327994189E-302   0.0000000000000000        28.052187336380911        0.0000000000000000       -170.71440544085644        1.0000000000000000        0.0000000000000000        0.0000000000000000        0.0000000000000000     
   1.3500000000000010       0.99826902485124325        0.0000000000000000        904.28508821765729        0.0000000000000000       -1.1462969791724135E-302   0.0000000000000000        28.062460795122117        0.0000000000000000       -161.92673655657217        1.0000000000000000        0.0000000000000000        0.0000000000000000        0.0000000000000000     
   1.3600000000000010       0.93983186991194634        0.0000000000000000        960.84382648409667        0.0000000000000000       -1.1476639989254977E-302   0.0000000000000000        28.072151595486130        0.0000000000000000       -152.60705616546659        1.0000000000000000        0.0000000000000000        0.0000000000000000        0.0000000000000000     
   1.3700000000000010       0.88101788511816115        0.0000000000000000        1025.3193388068748        0.0000000000000000       -1.1490398338554189E-302   0.0000000000000000        28.081256177064976        0.0000000000000000       -142.68354359205074        1.0000000000000000        0.0000000000000000        0.0000000000000000        0.0000000000000000     
   1.3800000000000010       0.82177770015798224        0.0000000000000000        1099.5659238696867        0.0000000000000000       -1.1504256388813660E-302   0.0000000000000000        28.089770533350126        0.0000000000000000       -132.06820345198975        1.0000000000000000        0.0000000000000000        0.0000000000000000        0.0000000000000000     
   1.3900000000000010       0.76204986072728009        0.0000000000000000        1186.0821964552977        0.0000000000000000       -1.1518228516032316E-302   0.0000000000000000        28.097690106638662        0.0000000000000000       -120.65148010099458        1.0000000000000000        0.0000000000000000        0.0000000000000000        0.0000000000000000     
   1.4000000000000010       0.70175650813791268        0.0000000000000000        1288.3237910779533        0.0000000000000000       -1.1532332933684913E-302   0.0000000000000000        28.105009646970739        0.0000000000000000       -108.29437716555404        1.0000000000000000        0.0000000000000000        0.0000000000000000        0.0000000000000000     
   1.4100000000000010       0.64079689430108033        0.0000000000000000        1411.2211788992465        0.0000000000000000       -1.1546593209761306E-302   0.0000000000000000        28.111723017911284        0.0000000000000000       -94.816527184424302        1.0000000000000000        0.0000000000000000        0.0000000000000000        0.0000000000000000     
   1.4200000000000010       0.57903726191375571        0.0000000000000000        1562.0814365123579        0.0000000000000000       -1.1561040634093376E-302   0.0000000000000000        28.117822920902178        0.0000000000000000       -79.977375340630985        1.0000000000000000        0.0000000000000000        0.0000000000000000        0.0000000000000000     
   1.4300000000000010       0.51629428898457563        0.0000000000000000        1752.2591025300260        0.0000000000000000       -1.1575718091175349E-302   0.0000000000000000        28.123300489336497        0.0000000000000000       -63.444973787845910        1.0000000000000000        0.0000000000000000        0.0000000000000000        0.0000000000000000     
   1.4400000000000011       0.45230637031948334        0.0000000000000000        2000.5043514901065        0.0000000000000000       -1.1590686778282856E-302   0.0000000000000000        28.128144662735853        0.0000000000000000       -44.740850304389923        1.0000000000000000        0.0000000000000000        0.0000000000000000        0.0000000000000000     
   1.4500000000000011       0.38667994336671002        0.0000000000000000        2340.3964512190619        0.0000000000000000       -1.1606038761462388E-302   0.0000000000000000        28.132341163732864        0.0000000000000000       -23.134256712938775        1.0000000000000000        0.0000000000000000        0.0000000000000000        0.0000000000000000     
   1.4600000000000011       0.33033166969606353        0.0000000000000000        2736.1729652946524        0.0000000000000000       -1.1619220307216966E-302   0.0000000000000000        28.135870691133153        0.0000000000000000        2.5846920302749297        1.0000000000000000        0.0000000000000000        0.0000000000000000        0.0000000000000000     
   1.4700000000000011       0.33033166969606353        0.0000000000000000        2736.4947062820947        0.0000000000000000       -1.1619220307216966E-302   0.0000000000000000        28.139174007830114        0.0000000000000000        29.948030387455102        1.0000000000000000        0.0000000000000000        0.0000000000000000        0.0000000000000000     
   1.4800000000000011       0.33033166969606353        0.0000000000000000        2736.8164481138647        0.0000000000000000       -1.1619220307216966E-302   0.0000000000000000        28.142477324527075        0.0000000000000000        57.314586158731252        1.0000000000000000        0.0000000000000000        0.0000000000000000        0.0000000000000000     
   1.4900000000000011       0.33033166969606353        0.0000000000000000        2737.1381907900650        0.0000000000000000       -1.1619220307216966E-302   0.0000000000000000        28.145780641224036        0.0000000000000000        84.684359352547176        1.0000000000000000        0.0000000000000000        0.0000000000000000        0.0000000000000000     
   1.5000000000000011       0.33033166969606353        0.0000000000000000        2737.4599343107980        0.0000000000000000       -1.1619220307216966E-302   0.0000000000000000        28.149083957920997        0.0000000000000000        112.05734997734767        1.0000000000000000        0.0000000000000000        0.0000000000000000        0.0000000000000000     
   1.5100000000000011       0.33033166969606353        0.0000000000000000        2737.7816786761659        0.0000000000000000       -1.1619220307216966E-302   0.0000000000000000        28.152387274617958        0.0000000000000000        139.43355804157858        1.0000000000000000        0.0000000000000000        0.0000000000000000        0.0000000000000000     
   1.5200000000000011       0.33033166969606353        0.0000000000000000        2738.1034238862717        0.0000000000000000       -1.1619220307216966E-302   0.0000000000000000        28.155690591314919        0.0000000000000000        166.81298355368676        1.0000000000000000        0.0000000000000000        0.0000000000000000        0.0000000000000000     
   1.5300000000000011       0.33033166969606353        0.0000000000000000        2738.4251699412180        0.0000000000000000       -1.1619220307216966E-302   0.0000000000000000        28.158993908011880        0.0000000000000000        194.19562652212014        1.0000000000000000        0.0000000000000000        0.0000000000000000        0.0000000000000000     
   1.5400000000000011       0.33033166969606353        0.0000000000000000        2738.7469168411076        0.0000000000000000       -1.1619220307216966E-302   0.0000000000000000        28.162297224708841        0.0000000000000000        221.58148695532759        1.0000000000000000        0.0000000000000000        0.0000000000000000        0.0000000000000000     
   1.5500000000000012       0.33033166969606353        0.0000000000000000        2739.0686645860428        0.0000000000000000       -1.1619220307216966E-302   0.0000000000000000        28.165600541405801        0.0000000000000000        248.97056486175910        1.0000000000000000        0.0000000000000000        0.0000000000000000        0.0000000000000000     
   1.5600000000000012       0.33033166969606353        0.0000000000000000        2739.3904131761265        0.0000000000000000       -1.1619220307216966E-302   0.0000000000000000        28.168903858102762        0.0000000000000000        276.36286024986561        1.0000000000000000        0.0000000000000000        0.0000000000000000        0.0000000000000000     
   1.5700000000000012       0.33033166969606353        0.0000000000000000        2739.7121626114608        0.0000000000000000       -1.1619220307216966E-302   0.0000000000000000        28.172207174799723        0.0000000000000000        303.75837312809915        1.0000000000000000        0.0000000000000000        0.0000000000000000        0.0000000000000000     
   1.5800000000000012       0.33033166969606353        0.0000000000000000        2740.0339128921487        0.0000000000000000       -1.1619220307216966E-302   0.0000000000000000        28.175510491496684        0.0000000000000000        331.15710350491270        1.0000000000000000        0.0000000000000000        0.0000000000000000        0.0000000000000000     
   1.5900000000000012       0.33033166969606353        0.0000000000000000        2740.3556640182928        0.0000000000000000       -1.1619220307216966E-302   0.0000000000000000        28.178813808193645        0.0000000000000000        358.55905138876034        1.0000000000000000        0.0000000000000000        0.0000000000000000        0.0000000000000000     
   1.6000000000000012       0.33033166969606353        0.0000000000000000        2740.6774159899956        0.0000000000000000       -1.1619220307216966E-302   0.0000000000000000        28.182117124890606        0.0000000000000000        385.96421678809713        1.0000000000000000        0.0000000000000000        0.0000000000000000        0.0000000000000000     
   1.6100000000000012       0.33033166969606353        0.0000000000000000        2740.9991688073596        0.0000000000000000       -1.1619220307216966E-302   0.0000000000000000        28.185420441587567        0.0000000000000000        413.37259971137917        1.0000000000000000        0.0000000000000000        0.0000000000000000        0.0000000000000000     
   1.6200000000000012       0.33033166969606353        0.0000000000000000        2741.3209224704879        0.0000000000000000       -1.1619220307216966E-302   0.0000000000000000        28.188723758284528        0.0000000000000000        440.78420016706355        1.0000000000000000        0.0000000000000000        0.0000000000000000        0.0000000000000000     
   1.6300000000000012       0.33033166969606353        0.0000000000000000        2741.6426769794825        0.0000000000000000       -1.1619220307216966E-302   0.0000000000000000        28.192027074981489        0.0000000000000000        468.19901816360846        1.0000000000000000        0.0000000000000000        0.0000000000000000        0.0000000000000000     
   1.6400000000000012       0.33033166969606353        0.0000000000000000        2741.9644323344464        0.0000000000000000       -1.1619220307216966E-302   0.0000000000000000        28.195330391678450        0.0000000000000000        495.61705370947311        1.0000000000000000        0.0000000000000000        0.0000000000000000        0.0000000000000000     
   1.6500000000000012       0.33033166969606353        0.0000000000000000        2742.2861885354819        0.0000000000000000       -1.1619220307216966E-302   0.0000000000000000        28.198633708375411        0.0000000000000000        523.03830681311763        1.0000000000000000        0.0000000000000000        0.0000000000000000        0.0000000000000000     
   1.6600000000000013       0.33033166969606353        0.0000000000000000        2742.6079455826921        0.0000000000000000       -1.1619220307216966E-302   0.0000000000000000        28.201937025072372        0.0000000000000000        550.46277748300326        1.0000000000000000        0.0000000000000000        0.0000000000000000        0.0000000000000000     
   1.6700000000000013       0.33033166969606353        0.0000000000000000        2742.9297034761794        0.0000000000000000       -1.1619220307216966E-302   0.0000000000000000        28.205240341769333        0.0000000000000000        577.89046572759230        1.0000000000000000        0.0000000000000000        0.0000000000000000        0.0000000000000000     
   1.6800000000000013       0.33033166969606353        0.0000000000000000        2743.2514622160461        0.0000000000000000       -1.1619220307216966E-302   0.0000000000000000        28.208543658466294        0.0000000000000000        605.32137155534804        1.0000000000000000        0.0000000000000000        0.0000000000000000        0.0000000000000000     
   1.6900000000000013       0.33033166969606353        0.0000000000000000        2743.5732218023950        0.0000000000000000       -1.1619220307216966E-302   0.0000000000000000        28.211846975163255        0.0000000000000000        632.75549497473480        1.0000000000000000        0.0000000000000000        0.0000000000000000        0.0000000000000000     
   1.7000000000000013       0.33033166969606353        0.0000000000000000        2743.8949822353288        0.0000000000000000       -1.1619220307216966E-302   0.0000000000000000        28.215150291860216        0.0000000000000000        660.19283599421794        1.0000000000000000        0.0000000000000000        0.0000000000000000        0.0000000000000000     
   1.7100000000000013       0.33033166969606353        0.0000000000000000        2744.2167435149504        0.0000000000000000       -1.1619220307216966E-302   0.0000000000000000        28.218453608557176        0.0000000000000000        687.63339462226372        1.0000000000000000        0.0000000000000000        0.0000000000000000        0.0000000000000000     
   1.7200000000000013       0.33033166969606353        0.0000000000000000        2744.5385056413620        0.0000000000000000       -1.1619220307216966E-302   0.0000000000000000        28.221756925254137        0.0000000000000000        715.07717086733953        1.0000000000000000        0.0000000000000000        0.0000000000000000        0.0000000000000000     
   1.7300000000000013       0.33033166969606353        0.0000000000000000        2744.8602686146664        0.0000000000000000       -1.1619220307216966E-302   0.0000000000000000        28.225060241951098        0.0000000000000000        742.52416473791391        1.0000000000000000        0.0000000000000000        0.0000000000000000        0.0000000000000000     
   1.7400000000000013       0.33033166969606353        0.0000000000000000        2745.1820324349665        0.0000000000000000       -1.1619220307216966E-302   0.0000000000000000        28.228363558648059        0.0000000000000000        769.97437624245617        1.0000000000000000        0.0000000000000000        0.0000000000000000        0.0000000000000000     
   1.7500000000000013       0.33033166969606353        0.0000000000000000        2745.5037971023644        0.0000000000000000       -1.1619220307216966E-302   0.0000000000000000        28.231666875345020        0.0000000000000000        797.42780538943691        1.0000000000000000        0.0000000000000000        0.0000000000000000        0.0000000000000000     
   1.7600000000000013       0.33033166969606353        0.0000000000000000        2745.8255626169630        0.0000000000000000       -1.1619220307216966E-302   0.0000000000000000        28.234970192041981        0.0000000000000000        824.88445218732750        1.0000000000000000        0.0000000000000000        0.0000000000000000        0.0000000000000000     
   1.7700000000000014       0.33033166969606353        0.0000000000000000        2746.1473289788651        0.0000000000000000       -1.1619220307216966E-302   0.0000000000000000        28.238273508738942        0.0000000000000000        852.34431664460055        1.0000000000000000        0.0000000000000000        0.0000000000000000        0.0000000000000000     
   1.7800000000000014       0.33033166969606353        0.0000000000000000        2746.4690961881734        0.0000000000000000       -1.1619220307216966E-302   0.0000000000000000        28.241576825435903        0.0000000000000000        879.80739876972950        1.0000000000000000        0.0000000000000000        0.0000000000000000        0.0000000000000000     
   1.7900000000000014       0.33033166969606353        0.0000000000000000        2746.7908642449902        0.0000000000000000       -1.1619220307216966E-302   0.0000000000000000        28.244880142132864        0.0000000000000000        907.27369857118902        1.0000000000000000        0.0000000000000000        0.0000000000000000        0.0000000000000000     
   1.8000000000000014       0.33033166969606353        0.0000000000000000        2747.1126331494183        0.0000000000000000       -1.1619220307216966E-302   0.0000000000000000        28.248183458829825        0.0000000000000000        934.74321605745467        1.0000000000000000        0.0000000000000000        0.0000000000000000        0.0000000000000000     
   1.8100000000000014       0.33033166969606353        0.0000000000000000        2747.4344029015601        0.0000000000000000       -1.1619220307216966E-302   0.0000000000000000        28.251486775526786        0.0000000000000000        962.21595123700308        1.0000000000000000        0.0000000000000000        0.0000000000000000        0.0000000000000000     
   1.8200000000000014       0.33033166969606353        0.0000000000000000        2747.7561735015188        0.0000000000000000       -1.1619220307216966E-302   0.0000000000000000        28.254790092223747        0.0000000000000000        989.69190411831187        1.0000000000000000        0.0000000000000000        0.0000000000000000        0.0000000000000000     
   1.8300000000000014       0.33033166969606353        0.0000000000000000        2748.0779449493966        0.0000000000000000       -1.1619220307216966E-302   0.0000000000000000        28.258093408920708        0.0000000000000000        1017.1710747098598        1.0000000000000000        0.0000000000000000        0.0000000000000000        0.0000000000000000     
   1.8400000000000014       0.33033166969606353        0.0000000000000000        2748.3997172452960        0.0000000000000000       -1.1619220307216966E-302   0.0000000000000000        28.261396725617669        0.0000000000000000        1044.6534630201265        1.0000000000000000        0.0000000000000000        0.0000000000000000        0.0000000000000000     
   1.8500000000000014       0.33033166969606353        0.0000000000000000        2748.7214903893200        0.0000000000000000       -1.1619220307216966E-302   0.0000000000000000        28.264700042314630        0.0000000000000000        1072.1390690575929        1.0000000000000000        0.0000000000000000        0.0000000000000000        0.0000000000000000     
   1.8600000000000014       0.33033166969606353        0.0000000000000000        2749.0432643815711        0.0000000000000000       -1.1619220307216966E-302   0.0000000000000000        28.268003359011590        0.0000000000000000        1099.6278928307404        1.0000000000000000        0.0000000000000000        0.0000000000000000        0.0000000000000000     
   1.8700000000000014       0.33033166969606353        0.0000000000000000        2749.3650392221521        0.0000000000000000       -1.1619220307216966E-302   0.0000000000000000        28.271306675708551        0.0000000000000000        1127.1199343480521        1.0000000000000000        0.0000000000000000        0.0000000000000000        0.0000000000000000     
   1.8800000000000014       0.33033166969606353        0.0000000000000000        2749.6868149111656        0.0000000000000000       -1.1619220307216966E-302   0.0000000000000000        28.274609992405512        0.0000000000000000        1154.6151936180115        1.0000000000000000        0.0000000000000000        0.0000000000000000        0.0000000000000000     
   1.8900000000000015       0.33033166969606353        0.0000000000000000        2750.0085914487140        0.0000000000000000       -1.1619220307216966E-302   0.0000000000000000        28.277913309102473        0.0000000000000000        1182.1136706491038        1.0000000000000000        0.0000000000000000        0.0000000000000000        0.0000000000000000     
   1.9000000000000015       0.33033166969606353        0.0000000000000000        2750.3303688349001        0.0000000000000000       -1.1619220307216966E-302   0.0000000000000000        28.281216625799434        0.0000000000000000        1209.6153654498146        1.0000000000000000        0.0000000000000000        0.0000000000000000        0.0000000000000000     
   1.9100000000000015       0.33033166969606353        0.0000000000000000        2750.6521470698267        0.0000000000000000       -1.1619220307216966E-302   0.0000000000000000        28.284519942496395        0.0000000000000000        1237.1202780286310        1.0000000000000000        0.0000000000000000        0.0000000000000000        0.0000000000000000     
   1.9200000000000015       0.33033166969606353        0.0000000000000000        2750.9739261535965        0.0000000000000000       -1.1619220307216966E-302   0.0000000000000000        28.287823259193356        0.0000000000000000        1264.6284083940407        1.0000000000000000        0.0000000000000000        0.0000000000000000        0.0000000000000000     
   1.9300000000000015       0.33033166969606353        0.0000000000000000        2751.2957060863118        0.0000000000000000       -1.1619220307216966E-302   0.0000000000000000        28.291126575890317        0.0000000000000000        1292.1397565545326        1.0000000000000000        0.0000000000000000        0.0000000000000000        0.0000000000000000     
   1.9400000000000015       0.33033166969606353        0.0000000000000000        2751.6174868680755        0.0000000000000000       -1.1619220307216966E-302   0.0000000000000000        28.294429892587278        0.0000000000000000        1319.6543225185969        1.0000000000000000        0.0000000000000000        0.0000000000000000        0.0000000000000000     
   1.9500000000000015       0.33033166969606353        0.0000000000000000        2751.9392684989903        0.0000000000000000       -1.1619220307216966E-302   0.0000000000000000        28.297733209284239        0.0000000000000000        1347.1721062947247        1.0000000000000000        0.0000000000000000        0.0000000000000000        0.0000000000000000     
   1.9600000000000015       0.33033166969606353        0.0000000000000000        2752.2610509791589        0.0000000000000000       -1.1619220307216966E-302   0.0000000000000000        28.301036525981200        0.0000000000000000        1374.6931078914076        1.0000000000000000        0.0000000000000000        0.0000000000000000        0.0000000000000000     
   1.9700000000000015       0.33033166969606353        0.0000000000000000        2752.5828343086837        0.0000000000000000       -1.1619220307216966E-302   0.0000000000000000        28.304339842678161        0.0000000000000000        1402.2173273171391        1.0000000000000000        0.0000000000000000        0.0000000000000000        0.0000000000000000     
   1.9800000000000015       0.33033166969606353        0.0000000000000000        2752.9046184876679        0.0000000000000000       -1.1619220307216966E-302   0.0000000000000000        28.307643159375122        0.0000000000000000        1429.7447645804129        1.0000000000000000        0.0000000000000000        0.0000000000000000        0.0000000000000000     
   1.9900000000000015       0.33033166969606353        0.0000000000000000        2753.2264035162138        0.0000000000000000       -1.1619220307216966E-302   0.0000000000000000        28.310946476072083        0.0000000000000000        1457.2754196897245        1.0000000000000000        0.0000000000000000        0.0000000000000000        0.0000000000000000     
   2.0000000000000013       0.33033166969606353        0.0000000000000000        2753.5481893944238        0.0000000000000000       -1.1619220307216966E-302   0.0000000000000000        28.314249792769044        0.0000000000000000        1484.8092926535696        1.0000000000000000        0.0000000000000000        0.0000000000000000        0.0000000000000000     
   2.0100000000000011       0.33033166969606353        0.0000000000000000        2753.8699761224011        0.0000000000000000       -1.1619220307216966E-302   0.0000000000000000        28.317553109466004        0.0000000000000000        1512.3463834804456        1.0000000000000000        0.0000000000000000        0.0000000000000000        0.0000000000000000     
   2.0200000000000009       0.33033166969606353        0.0000000000000000        2754.1917637002480        0.0000000000000000       -1.1619220307216966E-302   0.0000000000000000        28.320856426162965        0.0000000000000000        1539.8866921788506        1.0000000000000000        0.0000000000000000        0.0000000000000000        0.0000000000000000     
   2.0300000000000007       0.33033166969606353        0.0000000000000000        2754.5135521280672        0.0000000000000000       -1.1619220307216966E-302   0.0000000000000000        28.324159742859926        0.0000000000000000        1567.4302187572839        1.0000000000000000        0.0000000000000000        0.0000000000000000        0.0000000000000000     
   2.0400000000000005       0.33033166969606353        0.0000000000000000        2754.8353414059616        0.0000000000000000       -1.1619220307216966E-302   0.0000000000000000        28.327463059556887        0.0000000000000000        1594.9769632242455        1.0000000000000000        0.0000000000000000        0.0000000000000000        0.0000000000000000     
   2.0500000000000003       0.33033166969606353        0.0000000000000000        2755.1571315340339        0.0000000000000000       -1.1619220307216966E-302   0.0000000000000000        28.330766376253848        0.0000000000000000        1622.5269255882370        1.0000000000000000        0.0000000000000000        0.0000000000000000        0.0000000000000000     
   2.0600000000000001       0.33033166969606353        0.0000000000000000        2755.4789225123864        0.0000000000000000       -1.1619220307216966E-302   0.0000000000000000        28.334069692950809        0.0000000000000000        1650.0801058577604        1.0000000000000000        0.0000000000000000        0.0000000000000000        0.0000000000000000     
   2.0699999999999998       0.33033166969606353        0.0000000000000000        2755.8007143411219        0.0000000000000000       -1.1619220307216966E-302   0.0000000000000000        28.337373009647770        0.0000000000000000        1677.6365040413193        1.0000000000000000        0.0000000000000000        0.0000000000000000        0.0000000000000000     
   2.0799999999999996       0.33033166969606353        0.0000000000000000        2756.1225070203432        0.0000000000000000       -1.1619220307216966E-302   0.0000000000000000        28.340676326344731        0.0000000000000000        1705.1961201474178        1.0000000000000000        0.0000000000000000        0.0000000000000000        0.0000000000000000     
   2.0899999999999994       0.33033166969606353        0.0000000000000000        2756.4443005501530        0.0000000000000000       -1.1619220307216966E-302   0.0000000000000000        28.343979643041692        0.0000000000000000        1732.7589541845614        1.0000000000000000        0.0000000000000000        0.0000000000000000        0.0000000000000000     
   2.0999999999999992       0.33033166969606353        0.0000000000000000        2756.7660949306542        0.0000000000000000       -1.1619220307216966E-302   0.0000000000000000        28.347282959738653        0.0000000000000000        1760.3250061612564        1.0000000000000000        0.0000000000000000        0.0000000000000000        0.0000000000000000     
   2.1099999999999990       0.33033166969606353        0.0000000000000000        2757.0878901619490        0.0000000000000000       -1.1619220307216966E-302   0.0000000000000000        28.350586276435614        0.0000000000000000        1787.8942760860104        1.0000000000000000        0.0000000000000000        0.0000000000000000        0.0000000000000000     
   2.1199999999999988       0.33033166969606353        0.0000000000000000        2757.4096862441406        0.0000000000000000       -1.1619220307216966E-302   0.0000000000000000        28.353889593132575        0.0000000000000000        1815.4667639673319        1.0000000000000000        0.0000000000000000        0.0000000000000000        0.0000000000000000     
   2.1299999999999986       0.33033166969606353        0.0000000000000000        2757.7314831773315        0.0000000000000000       -1.1619220307216966E-302   0.0000000000000000        28.357192909829536        0.0000000000000000        1843.0424698137301        1.0000000000000000        0.0000000000000000        0.0000000000000000        0.0000000000000000     
   2.1399999999999983       0.33033166969606353        0.0000000000000000        2758.0532809616243        0.0000000000000000       -1.1619220307216966E-302   0.0000000000000000        28.360496226526497        0.0000000000000000        1870.6213936337156        1.0000000000000000        0.0000000000000000        0.0000000000000000        0.0000000000000000     
   2.1499999999999981       0.33033166969606353        0.0000000000000000        2758.3750795971214        0.0000000000000000       -1.1619220307216966E-302   0.0000000000000000        28.363799543223458        0.0000000000000000        1898.2035354357999        1.0000000000000000        0.0000000000000000        0.0000000000000000        0.0000000000000000     
   2.1599999999999979       0.33033166969606353        0.0000000000000000        2758.6968790839260        0.0000000000000000       -1.1619220307216966E-302   0.0000000000000000        28.367102859920418        0.0000000000000000        1925.7888952284957        1.0000000000000000        0.0000000000000000        0.0000000000000000        0.0000000000000000     
   2.1699999999999977       0.33033166969606353        0.0000000000000000        2759.0186794221404        0.0000000000000000       -1.1619220307216966E-302   0.0000000000000000        28.370406176617379        0.0000000000000000        1953.3774730203165        1.0000000000000000        0.0000000000000000        0.0000000000000000        0.0000000000000000     
   2.1799999999999975       0.33033166969606353        0.0000000000000000        2759.3404806118679        0.0000000000000000       -1.1619220307216966E-302   0.0000000000000000        28.373709493314340        0.0000000000000000        1980.9692688197770        1.0000000000000000        0.0000000000000000        0.0000000000000000        0.0000000000000000     
   2.1899999999999973       0.33033166969606353        0.0000000000000000        2759.6622826532107        0.0000000000000000       -1.1619220307216966E-302   0.0000000000000000        28.377012810011301        0.0000000000000000        2008.5642826353926        1.0000000000000000        0.0000000000000000        0.0000000000000000        0.0000000000000000     
   2.1999999999999971       0.33033166969606353        0.0000000000000000        2759.9840855462712        0.0000000000000000       -1.1619220307216966E-302   0.0000000000000000        28.380316126708262        0.0000000000000000        2036.1625144756802        1.0000000000000000        0.0000000000000000        0.0000000000000000        0.0000000000000000     
   2.2099999999999969       0.33033166969606353        0.0000000000000000        2760.3058892911527        0.0000000000000000       -1.1619220307216966E-302   0.0000000000000000        28.383619443405223        0.0000000000000000        2063.7639643491575        1.0000000000000000        0.0000000000000000        0.0000000000000000        0.0000000000000000     
   2.2199999999999966       0.33033166969606353        0.0000000000000000        2760.6276938879578        0.0000000000000000       -1.1619220307216966E-302   0.0000000000000000        28.386922760102184        0.0000000000000000        2091.3686322643430        1.0000000000000000        0.0000000000000000        0.0000000000000000        0.0000000000000000     
   2.2299999999999964       0.33033166969606353        0.0000000000000000        2760.9494993367889        0.0000000000000000       -1.1619220307216966E-302   0.0000000000000000        28.390226076799145        0.0000000000000000        2118.9765182297565        1.0000000000000000        0.0000000000000000        0.0000000000000000        0.0000000000000000     
   2.2399999999999962       0.33033166969606353        0.0000000000000000        2761.2713056377488        0.0000000000000000       -1.1619220307216966E-302   0.0000000000000000        28.393529393496106        0.0000000000000000        2146.5876222539191        1.0000000000000000        0.0000000000000000        0.0000000000000000        0.0000000000000000     
   2.2499999999999960       0.33033166969606353        0.0000000000000000        2761.5931127909403        0.0000000000000000       -1.1619220307216966E-302   0.0000000000000000        28.396832710193067        0.0000000000000000        2174.2019443453523        1.0000000000000000        0.0000000000000000        0.0000000000000000        0.0000000000000000     
   2.2599999999999958       0.33033166969606353        0.0000000000000000        2761.9149207964660        0.0000000000000000       -1.1619220307216966E-302   0.0000000000000000        28.400136026890028        0.0000000000000000        2201.8194845125790        1.0000000000000000        0.0000000000000000        0.0000000000000000        0.0000000000000000     
   2.2699999999999956       0.33033166969606353        0.0000000000000000        2762.2367296544289        0.0000000000000000       -1.1619220307216966E-302   0.0000000000000000        28.403439343586989        0.0000000000000000        2229.4402427641230        1.0000000000000000        0.0000000000000000        0.0000000000000000        0.0000000000000000     
   2.2799999999999954       0.33033166969606353        0.0000000000000000        2762.5585393649317        0.0000000000000000       -1.1619220307216966E-302   0.0000000000000000        28.406742660283950        0.0000000000000000        2257.0642191085094        1.0000000000000000        0.0000000000000000        0.0000000000000000        0.0000000000000000     
   2.2899999999999952       0.33033166969606353        0.0000000000000000        2762.8803499280771        0.0000000000000000       -1.1619220307216966E-302   0.0000000000000000        28.410045976980911        0.0000000000000000        2284.6914135542638        1.0000000000000000        0.0000000000000000        0.0000000000000000        0.0000000000000000     
   2.2999999999999949       0.33033166969606353        0.0000000000000000        2763.2021613439674        0.0000000000000000       -1.1619220307216966E-302   0.0000000000000000        28.413349293677872        0.0000000000000000        2312.3218261099132        1.0000000000000000        0.0000000000000000        0.0000000000000000        0.0000000000000000     
   2.3099999999999947       0.33033166969606353        0.0000000000000000        2763.5239736127055        0.0000000000000000       -1.1619220307216966E-302   0.0000000000000000        28.416652610374832        0.0000000000000000        2339.9554567839859        1.0000000000000000        0.0000000000000000        0.0000000000000000        0.0000000000000000     
   2.3199999999999945       0.33033166969606353        0.0000000000000000        2763.8457867343941        0.0000000000000000       -1.1619220307216966E-302   0.0000000000000000        28.419955927071793        0.0000000000000000        2367.5923055850108        1.0000000000000000        0.0000000000000000        0.0000000000000000        0.0000000000000000     
   2.3299999999999943       0.33033166969606353        0.0000000000000000        2764.1676007091360        0.0000000000000000       -1.1619220307216966E-302   0.0000000000000000        28.423259243768754        0.0000000000000000        2395.2323725215174        1.0000000000000000        0.0000000000000000        0.0000000000000000        0.0000000000000000     
   2.3399999999999941       0.33033166969606353        0.0000000000000000        2764.4894155370339        0.0000000000000000       -1.1619220307216966E-302   0.0000000000000000        28.426562560465715        0.0000000000000000        2422.8756576020373        1.0000000000000000        0.0000000000000000        0.0000000000000000        0.0000000000000000     
   2.3499999999999939       0.33033166969606353        0.0000000000000000        2764.8112312181906        0.0000000000000000       -1.1619220307216966E-302   0.0000000000000000        28.429865877162676        0.0000000000000000        2450.5221608351026        1.0000000000000000        0.0000000000000000        0.0000000000000000        0.0000000000000000     
   2.3599999999999937       0.33033166969606353        0.0000000000000000        2765.1330477527090        0.0000000000000000       -1.1619220307216966E-302   0.0000000000000000        28.433169193859637        0.0000000000000000        2478.1718822292460        1.0000000000000000        0.0000000000000000        0.0000000000000000        0.0000000000000000     
   2.3699999999999934       0.33033166969606353        0.0000000000000000        2765.4548651406917        0.0000000000000000       -1.1619220307216966E-302   0.0000000000000000        28.436472510556598        0.0000000000000000        2505.8248217930018        1.0000000000000000        0.0000000000000000        0.0000000000000000        0.0000000000000000     
   2.3799999999999932       0.33033166969606353        0.0000000000000000        2765.7766833822411        0.0000000000000000       -1.1619220307216966E-302   0.0000000000000000        28.439775827253559        0.0000000000000000        2533.4809795349051        1.0000000000000000        0.0000000000000000        0.0000000000000000        0.0000000000000000     
   2.3899999999999930       0.33033166969606353        0.0000000000000000        2766.0985024774600        0.0000000000000000       -1.1619220307216966E-302   0.0000000000000000        28.443079143950520        0.0000000000000000        2561.1403554634921        1.0000000000000000        0.0000000000000000        0.0000000000000000        0.0000000000000000     
   2.3999999999999928       0.33033166969606353        0.0000000000000000        2766.4203224264515        0.0000000000000000       -1.1619220307216966E-302   0.0000000000000000        28.446382460647481        0.0000000000000000        2588.8029495873002        1.0000000000000000        0.0000000000000000        0.0000000000000000        0.0000000000000000     
   2.4099999999999926       0.33033166969606353        0.0000000000000000        2766.7421432293181        0.0000000000000000       -1.1619220307216966E-302   0.0000000000000000        28.449685777344442        0.0000000000000000        2616.4687619148676        1.0000000000000000        0.0000000000000000        0.0000000000000000        0.0000000000000000     
   2.4199999999999924       0.33033166969606353        0.0000000000000000        2767.0639648861625        0.0000000000000000       -1.1619220307216966E-302   0.0000000000000000        28.452989094041403        0.0000000000000000        2644.1377924547332        1.0000000000000000        0.0000000000000000        0.0000000000000000        0.0000000000000000     
   2.4299999999999922       0.33033166969606353        0.0000000000000000        2767.3857873970874        0.0000000000000000       -1.1619220307216966E-302   0.0000000000000000        28.456292410738364        0.0000000000000000        2671.8100412154376        1.0000000000000000        0.0000000000000000        0.0000000000000000        0.0000000000000000     
   2.4399999999999920       0.33033166969606353        0.0000000000000000        2767.7076107621956        0.0000000000000000       -1.1619220307216966E-302   0.0000000000000000        28.459595727435325        0.0000000000000000        2699.4855082055224        1.0000000000000000        0.0000000000000000        0.0000000000000000        0.0000000000000000     
   2.4499999999999917       0.33033166969606353        0.0000000000000000        2768.0294349815899        0.0000000000000000       -1.1619220307216966E-302   0.0000000000000000        28.462899044132286        0.0000000000000000        2727.1641934335294        1.0000000000000000        0.0000000000000000        0.0000000000000000        0.0000000000000000     
   2.4599999999999915       0.33033166969606353        0.0000000000000000        2768.3512600553731        0.0000000000000000       -1.1619220307216966E-302   0.0000000000000000        28.466202360829246        0.0000000000000000        2754.8460969080020        1.0000000000000000        0.0000000000000000        0.0000000000000000        0.0000000000000000     
   2.4699999999999913       0.33033166969606353        0.0000000000000000        2768.6730859836475        0.0000000000000000       -1.1619220307216966E-302   0.0000000000000000        28.469505677526207        0.0000000000000000        2782.5312186374849        1.0000000000000000        0.0000000000000000        0.0000000000000000        0.0000000000000000     
   2.4799999999999911       0.33033166969606353        0.0000000000000000        2768.9949127665163        0.0000000000000000       -1.1619220307216966E-302   0.0000000000000000        28.472808994223168        0.0000000000000000        2810.2195586305234        1.0000000000000000        0.0000000000000000        0.0000000000000000        0.0000000000000000     
   2.4899999999999909       0.33033166969606353        0.0000000000000000        2769.3167404040823        0.0000000000000000       -1.1619220307216966E-302   0.0000000000000000        28.476112310920129        0.0000000000000000        2837.9111168956642        1.0000000000000000        0.0000000000000000        0.0000000000000000        0.0000000000000000     
   2.4999999999999907       0.33033166969606353        0.0000000000000000        2769.6385688964479        0.0000000000000000       -1.1619220307216966E-302   0.0000000000000000        28.479415627617090        0.0000000000000000        2865.6058934414546        1.0000000000000000        0.0000000000000000        0.0000000000000000        0.0000000000000000     
   2.5099999999999905       0.33033166969606353        0.0000000000000000        2769.9603982437161        0.0000000000000000       -1.1619220307216966E-302   0.0000000000000000        28.482718944314051        0.0000000000000000        2893.3038882764431        1.0000000000000000        0.0000000000000000        0.0000000000000000        0.0000000000000000     
   2.5199999999999902       0.33033166969606353        0.0000000000000000        2770.2822284459894        0.0000000000000000       -1.1619220307216966E-302   0.0000000000000000        28.486022261011012        0.0000000000000000        2921.0051014091791        1.0000000000000000        0.0000000000000000        0.0000000000000000        0.0000000000000000     
   2.5299999999999900       0.33033166969606353        0.0000000000000000        2770.6040595033705        0.0000000000000000       -1.1619220307216966E-302   0.0000000000000000        28.489325577707973        0.0000000000000000        2948.7095328482133        1.0000000000000000        0.0000000000000000        0.0000000000000000        0.0000000000000000     
   2.5399999999999898       0.33033166969606353        0.0000000000000000        2770.9258914159623        0.0000000000000000       -1.1619220307216966E-302   0.0000000000000000        28.492628894404934        0.0000000000000000        2976.4171826020970        1.0000000000000000        0.0000000000000000        0.0000000000000000        0.0000000000000000     
   2.5499999999999896       0.33033166969606353        0.0000000000000000        2771.2477241838678        0.0000000000000000       -1.1619220307216966E-302   0.0000000000000000        28.495932211101895        0.0000000000000000        3004.1280506793833        1.0000000000000000        0.0000000000000000        0.0000000000000000        0.0000000000000000     
   2.5599999999999894       0.33033166969606353        0.0000000000000000        2771.5695578071895        0.0000000000000000       -1.1619220307216966E-302   0.0000000000000000        28.499235527798856        0.0000000000000000        3031.8421370886258        1.0000000000000000        0.0000000000000000        0.0000000000000000        0.0000000000000000     
   2.5699999999999892       0.33033166969606353        0.0000000000000000        2771.8913922860302        0.0000000000000000       -1.1619220307216966E-302   0.0000000000000000        28.502538844495817        0.0000000000000000        3059.5594418383789        1.0000000000000000        0.0000000000000000        0.0000000000000000        0.0000000000000000     
   2.5799999999999890       0.33033166969606353        0.0000000000000000        2772.2132276204925        0.0000000000000000       -1.1619220307216966E-302   0.0000000000000000        28.505842161192778        0.0000000000000000        3087.2799649371987        1.0000000000000000        0.0000000000000000        0.0000000000000000        0.0000000000000000     
   2.5899999999999888       0.33033166969606353        0.0000000000000000        2772.5350638106793        0.0000000000000000       -1.1619220307216966E-302   0.0000000000000000        28.509145477889739        0.0000000000000000        3115.0037063936416        1.0000000000000000        0.0000000000000000        0.0000000000000000        0.0000000000000000     
   2.5999999999999885       0.33033166969606353        0.0000000000000000        2772.8569008566933        0.0000000000000000       -1.1619220307216966E-302   0.0000000000000000        28.512448794586700        0.0000000000000000        3142.7306662162650        1.0000000000000000        0.0000000000000000        0.0000000000000000        0.0000000000000000     
   2.6099999999999883       0.33033166969606353        0.0000000000000000        2773.1787387586373        0.0000000000000000       -1.1619220307216966E-302   0.0000000000000000        28.515752111283660        0.0000000000000000        3170.4608444136284        1.0000000000000000        0.0000000000000000        0.0000000000000000        0.0000000000000000     
   2.6199999999999881       0.33033166969606353        0.0000000000000000        2773.5005775166142        0.0000000000000000       -1.1619220307216966E-302   0.0000000000000000        28.519055427980621        0.0000000000000000        3198.1942409942912        1.0000000000000000        0.0000000000000000        0.0000000000000000        0.0000000000000000     
   2.6299999999999879       0.33033166969606353        0.0000000000000000        2773.8224171307265        0.0000000000000000       -1.1619220307216966E-302   0.0000000000000000        28.522358744677582        0.0000000000000000        3225.9308559668143        1.0000000000000000        0.0000000000000000        0.0000000000000000        0.0000000000000000     
   2.6399999999999877       0.33033166969606353        0.0000000000000000        2774.1442576010772        0.0000000000000000       -1.1619220307216966E-302   0.0000000000000000        28.525662061374543        0.0000000000000000        3253.6706893397600        1.0000000000000000        0.0000000000000000        0.0000000000000000        0.0000000000000000     
   2.6499999999999875       0.33033166969606353        0.0000000000000000        2774.4660989277691        0.0000000000000000       -1.1619220307216966E-302   0.0000000000000000        28.528965378071504        0.0000000000000000        3281.4137411216907        1.0000000000000000        0.0000000000000000        0.0000000000000000        0.0000000000000000     
   2.6599999999999873       0.33033166969606353        0.0000000000000000        2774.7879411109047        0.0000000000000000       -1.1619220307216966E-302   0.0000000000000000        28.532268694768465        0.0000000000000000        3309.1600113211703        1.0000000000000000        0.0000000000000000        0.0000000000000000        0.0000000000000000     
   2.6699999999999871       0.33033166969606353        0.0000000000000000        2775.1097841505871        0.0000000000000000       -1.1619220307216966E-302   0.0000000000000000        28.535572011465426        0.0000000000000000        3336.9094999467638        1.0000000000000000        0.0000000000000000        0.0000000000000000        0.0000000000000000     
   2.6799999999999868       0.33033166969606353        0.0000000000000000        2775.4316280469184        0.0000000000000000       -1.1619220307216966E-302   0.0000000000000000        28.538875328162387        0.0000000000000000        3364.6622070070375        1.0000000000000000        0.0000000000000000        0.0000000000000000        0.0000000000000000     
   2.6899999999999866       0.33033166969606353        0.0000000000000000        2775.7534728000019        0.0000000000000000       -1.1619220307216966E-302   0.0000000000000000        28.542178644859348        0.0000000000000000        3392.4181325105583        1.0000000000000000        0.0000000000000000        0.0000000000000000        0.0000000000000000     
   2.6999999999999864       0.33033166969606353        0.0000000000000000        2776.0753184099403        0.0000000000000000       -1.1619220307216966E-302   0.0000000000000000        28.545481961556309        0.0000000000000000        3420.1772764658940        1.0000000000000000        0.0000000000000000        0.0000000000000000        0.0000000000000000     
   2.7099999999999862       0.33033166969606353        0.0000000000000000        2776.3971648768365        0.0000000000000000       -1.1619220307216966E-302   0.0000000000000000        28.548785278253270        0.0000000000000000        3447.9396388816135        1.0000000000000000        0.0000000000000000        0.0000000000000000        0.0000000000000000     
   2.7199999999999860       0.33033166969606353        0.0000000000000000        2776.7190122007933        0.0000000000000000       -1.1619220307216966E-302   0.0000000000000000        28.552088594950231        0.0000000000000000        3475.7052197662874        1.0000000000000000        0.0000000000000000        0.0000000000000000        0.0000000000000000     
   2.7299999999999858       0.33033166969606353        0.0000000000000000        2777.0408603819133        0.0000000000000000       -1.1619220307216966E-302   0.0000000000000000        28.555391911647192        0.0000000000000000        3503.4740191284868        1.0000000000000000        0.0000000000000000        0.0000000000000000        0.0000000000000000     
   2.7399999999999856       0.33033166969606353        0.0000000000000000        2777.3627094202993        0.0000000000000000       -1.1619220307216966E-302   0.0000000000000000        28.558695228344153        0.0000000000000000        3531.2460369767837        1.0000000000000000        0.0000000000000000        0.0000000000000000        0.0000000000000000     
   2.7499999999999853       0.33033166969606353        0.0000000000000000        2777.6845593160542        0.0000000000000000       -1.1619220307216966E-302   0.0000000000000000        28.561998545041114        0.0000000000000000        3559.0212733197509        1.0000000000000000        0.0000000000000000        0.0000000000000000        0.0000000000000000     
   2.7599999999999851       0.33033166969606353        0.0000000000000000        2778.0064100692803        0.0000000000000000       -1.1619220307216966E-302   0.0000000000000000        28.565301861738075        0.0000000000000000        3586.7997281659627        1.0000000000000000        0.0000000000000000        0.0000000000000000        0.0000000000000000     
   2.7699999999999849       0.33033166969606353        0.0000000000000000        2778.3282616800807        0.0000000000000000       -1.1619220307216966E-302   0.0000000000000000        28.568605178435035        0.0000000000000000        3614.5814015239948        1.0000000000000000        0.0000000000000000        0.0000000000000000        0.0000000000000000     
   2.7799999999999847       0.33033166969606353        0.0000000000000000        2778.6501141485583        0.0000000000000000       -1.1619220307216966E-302   0.0000000000000000        28.571908495131996        0.0000000000000000        3642.3662934024233        1.0000000000000000        0.0000000000000000        0.0000000000000000        0.0000000000000000     
   2.7899999999999845       0.33033166969606353        0.0000000000000000        2778.9719674748158        0.0000000000000000       -1.1619220307216966E-302   0.0000000000000000        28.575211811828957        0.0000000000000000        3670.1544038098255        1.0000000000000000        0.0000000000000000        0.0000000000000000        0.0000000000000000     
   2.7999999999999843       0.33033166969606353        0.0000000000000000        2779.2938216589559        0.0000000000000000       -1.1619220307216966E-302   0.0000000000000000        28.578515128525918        0.0000000000000000        3697.9457327547793        1.0000000000000000        0.0000000000000000        0.0000000000000000        0.0000000000000000     
   2.8099999999999841       0.33033166969606353        0.0000000000000000        2779.6156767010816        0.0000000000000000       -1.1619220307216966E-302   0.0000000000000000        28.581818445222879        0.0000000000000000        3725.7402802458646        1.0000000000000000        0.0000000000000000        0.0000000000000000        0.0000000000000000     
   2.8199999999999839       0.33033166969606353        0.0000000000000000        2779.9375326012960        0.0000000000000000       -1.1619220307216966E-302   0.0000000000000000        28.585121761919840        0.0000000000000000        3753.5380462916614        1.0000000000000000        0.0000000000000000        0.0000000000000000        0.0000000000000000     
   2.8299999999999836       0.33033166969606353        0.0000000000000000        2780.2593893597013        0.0000000000000000       -1.1619220307216966E-302   0.0000000000000000        28.588425078616801        0.0000000000000000        3781.3390309007514        1.0000000000000000        0.0000000000000000        0.0000000000000000        0.0000000000000000     
   2.8399999999999834       0.33033166969606353        0.0000000000000000        2780.5812469764005        0.0000000000000000       -1.1619220307216966E-302   0.0000000000000000        28.591728395313762        0.0000000000000000        3809.1432340817164        1.0000000000000000        0.0000000000000000        0.0000000000000000        0.0000000000000000     
   2.8499999999999832       0.33033166969606353        0.0000000000000000        2780.9031054514962        0.0000000000000000       -1.1619220307216966E-302   0.0000000000000000        28.595031712010723        0.0000000000000000        3836.9506558431403        1.0000000000000000        0.0000000000000000        0.0000000000000000        0.0000000000000000     
   2.8599999999999830       0.33033166969606353        0.0000000000000000        2781.2249647850913        0.0000000000000000       -1.1619220307216966E-302   0.0000000000000000        28.598335028707684        0.0000000000000000        3864.7612961936079        1.0000000000000000        0.0000000000000000        0.0000000000000000        0.0000000000000000     
   2.8699999999999828       0.33033166969606353        0.0000000000000000        2781.5468249772889        0.0000000000000000       -1.1619220307216966E-302   0.0000000000000000        28.601638345404645        0.0000000000000000        3892.5751551417043        1.0000000000000000        0.0000000000000000        0.0000000000000000        0.0000000000000000     
   2.8799999999999826       0.33033166969606353        0.0000000000000000        2781.8686860281914        0.0000000000000000       -1.1619220307216966E-302   0.0000000000000000        28.604941662101606        0.0000000000000000        3920.3922326960160        1.0000000000000000        0.0000000000000000        0.0000000000000000        0.0000000000000000     
   2.8899999999999824       0.33033166969606353        0.0000000000000000        2782.1905479379020        0.0000000000000000       -1.1619220307216966E-302   0.0000000000000000        28.608244978798567        0.0000000000000000        3948.2125288651309        1.0000000000000000        0.0000000000000000        0.0000000000000000        0.0000000000000000     
   2.8999999999999821       0.33033166969606353        0.0000000000000000        2782.5124107065230        0.0000000000000000       -1.1619220307216966E-302   0.0000000000000000        28.611548295495528        0.0000000000000000        3976.0360436576370        1.0000000000000000        0.0000000000000000        0.0000000000000000        0.0000000000000000     
   2.9099999999999819       0.33033166969606353        0.0000000000000000        2782.8342743341577        0.0000000000000000       -1.1619220307216966E-302   0.0000000000000000        28.614851612192489        0.0000000000000000        4003.8627770821245        1.0000000000000000        0.0000000000000000        0.0000000000000000        0.0000000000000000     
   2.9199999999999817       0.33033166969606353        0.0000000000000000        2783.1561388209084        0.0000000000000000       -1.1619220307216966E-302   0.0000000000000000        28.618154928889449        0.0000000000000000        4031.6927291471839        1.0000000000000000        0.0000000000000000        0.0000000000000000        0.0000000000000000     
   2.9299999999999815       0.33033166969606353        0.0000000000000000        2783.4780041668782        0.0000000000000000       -1.1619220307216966E-302   0.0000000000000000        28.621458245586410        0.0000000000000000        4059.5258998614067        1.0000000000000000        0.0000000000000000        0.0000000000000000        0.0000000000000000     
   2.9399999999999813       0.33033166969606353        0.0000000000000000        2783.7998703721701        0.0000000000000000       -1.1619220307216966E-302   0.0000000000000000        28.624761562283371        0.0000000000000000        4087.3622892333860        1.0000000000000000        0.0000000000000000        0.0000000000000000        0.0000000000000000     
   2.9499999999999811       0.33033166969606353        0.0000000000000000        2784.1217374368866        0.0000000000000000       -1.1619220307216966E-302   0.0000000000000000        28.628064878980332        0.0000000000000000        4115.2018972717151        1.0000000000000000        0.0000000000000000        0.0000000000000000        0.0000000000000000     
   2.9599999999999809       0.33033166969606353        0.0000000000000000        2784.4436053611307        0.0000000000000000       -1.1619220307216966E-302   0.0000000000000000        28.631368195677293        0.0000000000000000        4143.0447239849891        1.0000000000000000        0.0000000000000000        0.0000000000000000        0.0000000000000000     
   2.9699999999999807       0.33033166969606353        0.0000000000000000        2784.7654741450051        0.0000000000000000       -1.1619220307216966E-302   0.0000000000000000        28.634671512374254        0.0000000000000000        4170.8907693818037        1.0000000000000000        0.0000000000000000        0.0000000000000000        0.0000000000000000     
   2.9799999999999804       0.33033166969606353        0.0000000000000000        2785.0873437886125        0.0000000000000000       -1.1619220307216966E-302   0.0000000000000000        28.637974829071215        0.0000000000000000        4198.7400334707554        1.0000000000000000        0.0000000000000000        0.0000000000000000        0.0000000000000000     
   2.9899999999999802       0.33033166969606353        0.0000000000000000        2785.4092142920558        0.0000000000000000       -1.1619220307216966E-302   0.0000000000000000        28.641278145768176        0.0000000000000000        4226.5925162604426        1.0000000000000000        0.0000000000000000        0.0000000000000000        0.0000000000000000     
   2.9999999999999800       0.33033166969606353        0.0000000000000000        2785.7310856554377        0.0000000000000000       -1.1619220307216966E-302   0.0000000000000000        28.644581462465137        0.0000000000000000        4254.4482177594637        1.0000000000000000        0.0000000000000000        0.0000000000000000        0.0000000000000000     
   3.0099999999999798       0.33033166969606353        0.0000000000000000        2786.0529578788614        0.0000000000000000       -1.1619220307216966E-302   0.0000000000000000        28.647884779162098        0.0000000000000000        4282.3071379764187        1.0000000000000000        0.0000000000000000        0.0000000000000000        0.0000000000000000     
   3.0199999999999796       0.33033166969606353        0.0000000000000000        2786.3748309624293        0.0000000000000000       -1.1619220307216966E-302   0.0000000000000000        28.651188095859059        0.0000000000000000        4310.1692769199080        1.0000000000000000        0.0000000000000000        0.0000000000000000        0.0000000000000000     
   3.0299999999999794       0.33033166969606353        0.0000000000000000        2786.6967049062446        0.0000000000000000       -1.1619220307216966E-302   0.0000000000000000        28.654491412556020        0.0000000000000000        4338.0346345985345        1.0000000000000000        0.0000000000000000        0.0000000000000000        0.0000000000000000     
   3.0399999999999792       0.33033166969606353        0.0000000000000000        2787.0185797104100        0.0000000000000000       -1.1619220307216966E-302   0.0000000000000000        28.657794729252981        0.0000000000000000        4365.9032110209009        1.0000000000000000        0.0000000000000000        0.0000000000000000        0.0000000000000000     
   3.0499999999999790       0.33033166969606353        0.0000000000000000        2787.3404553750283        0.0000000000000000       -1.1619220307216966E-302   0.0000000000000000        28.661098045949942        0.0000000000000000        4393.7750061956112        1.0000000000000000        0.0000000000000000        0.0000000000000000        0.0000000000000000     
   3.0599999999999787       0.33033166969606353        0.0000000000000000        2787.6623319002024        0.0000000000000000       -1.1619220307216966E-302   0.0000000000000000        28.664401362646903        0.0000000000000000        4421.6500201312701        1.0000000000000000        0.0000000000000000        0.0000000000000000        0.0000000000000000     
   3.0699999999999785       0.33033166969606353        0.0000000000000000        2787.9842092860349        0.0000000000000000       -1.1619220307216966E-302   0.0000000000000000        28.667704679343863        0.0000000000000000        4449.5282528364842        1.0000000000000000        0.0000000000000000        0.0000000000000000        0.0000000000000000     
   3.0799999999999783       0.33033166969606353        0.0000000000000000        2788.3060875326287        0.0000000000000000       -1.1619220307216966E-302   0.0000000000000000        28.671007996040824        0.0000000000000000        4477.4097043198599        1.0000000000000000        0.0000000000000000        0.0000000000000000        0.0000000000000000     
   3.0899999999999781       0.33033166969606353        0.0000000000000000        2788.6279666400865        0.0000000000000000       -1.1619220307216966E-302   0.0000000000000000        28.674311312737785        0.0000000000000000        4505.2943745900056        1.0000000000000000        0.0000000000000000        0.0000000000000000        0.0000000000000000     
   3.0999999999999779       0.33033166969606353        0.0000000000000000        2788.9498466085115        0.0000000000000000       -1.1619220307216966E-302   0.0000000000000000        28.677614629434746        0.0000000000000000        4533.1822636555307        1.0000000000000000        0.0000000000000000        0.0000000000000000        0.0000000000000000     
   3.1099999999999777       0.33033166969606353        0.0000000000000000        2789.2717274380061        0.0000000000000000       -1.1619220307216966E-302   0.0000000000000000        28.680917946131707        0.0000000000000000        4561.0733715250453        1.0000000000000000        0.0000000000000000        0.0000000000000000        0.0000000000000000     
   3.1199999999999775       0.33033166969606353        0.0000000000000000        2789.5936091286735        0.0000000000000000       -1.1619220307216966E-302   0.0000000000000000        28.684221262828668        0.0000000000000000        4588.9676982071614        1.0000000000000000        0.0000000000000000        0.0000000000000000        0.0000000000000000     
   3.1299999999999772       0.33033166969606353        0.0000000000000000        2789.9154916806165        0.0000000000000000       -1.1619220307216966E-302   0.0000000000000000        28.687524579525629        0.0000000000000000        4616.8652437104902        1.0000000000000000        0.0000000000000000        0.0000000000000000        0.0000000000000000     
   3.1399999999999770       0.33033166969606353        0.0000000000000000        2790.2373750939378        0.0000000000000000       -1.1619220307216966E-302   0.0000000000000000        28.690827896222590        0.0000000000000000        4644.7660080436453        1.0000000000000000        0.0000000000000000        0.0000000000000000        0.0000000000000000     
   3.1499999999999768       0.33033166969606353        0.0000000000000000        2790.5592593687402        0.0000000000000000       -1.1619220307216966E-302   0.0000000000000000        28.694131212919551        0.0000000000000000        4672.6699912152408        1.0000000000000000        0.0000000000000000        0.0000000000000000        0.0000000000000000     
   3.1599999999999766       0.33033166969606353        0.0000000000000000        2790.8811445051265        0.0000000000000000       -1.1619220307216966E-302   0.0000000000000000        28.697434529616512        0.0000000000000000        4700.5771932338921        1.0000000000000000        0.0000000000000000        0.0000000000000000        0.0000000000000000     
   3.1699999999999764       0.33033166969606353        0.0000000000000000        2791.2030305031999        0.0000000000000000       -1.1619220307216966E-302   0.0000000000000000        28.700737846313473        0.0000000000000000        4728.4876141082159        1.0000000000000000        0.0000000000000000        0.0000000000000000        0.0000000000000000     
   3.1799999999999762       0.33033166969606353        0.0000000000000000        2791.5249173630632        0.0000000000000000       -1.1619220307216966E-302   0.0000000000000000        28.704041163010434        0.0000000000000000        4756.4012538468287        1.0000000000000000        0.0000000000000000        0.0000000000000000        0.0000000000000000     
   3.1899999999999760       0.33033166969606353        0.0000000000000000        2791.8468050848187        0.0000000000000000       -1.1619220307216966E-302   0.0000000000000000        28.707344479707395        0.0000000000000000        4784.3181124583498        1.0000000000000000        0.0000000000000000        0.0000000000000000        0.0000000000000000     
   3.1999999999999758       0.33033166969606353        0.0000000000000000        2792.1686936685696        0.0000000000000000       -1.1619220307216966E-302   0.0000000000000000        28.710647796404356        0.0000000000000000        4812.2381899513985        1.0000000000000000        0.0000000000000000        0.0000000000000000        0.0000000000000000     
   3.2099999999999755       0.33033166969606353        0.0000000000000000        2792.4905831144188        0.0000000000000000       -1.1619220307216966E-302   0.0000000000000000        28.713951113101317        0.0000000000000000        4840.1614863345949        1.0000000000000000        0.0000000000000000        0.0000000000000000        0.0000000000000000     
   3.2199999999999753       0.33033166969606353        0.0000000000000000        2792.8124734224693        0.0000000000000000       -1.1619220307216966E-302   0.0000000000000000        28.717254429798277        0.0000000000000000        4868.0880016165611        1.0000000000000000        0.0000000000000000        0.0000000000000000        0.0000000000000000     
   3.2299999999999751       0.33033166969606353        0.0000000000000000        2793.1343645928237        0.0000000000000000       -1.1619220307216966E-302   0.0000000000000000        28.720557746495238        0.0000000000000000        4896.0177358059191        1.0000000000000000        0.0000000000000000        0.0000000000000000        0.0000000000000000     
   3.2399999999999749       0.33033166969606353        0.0000000000000000        2793.4562566255850        0.0000000000000000       -1.1619220307216966E-302   0.0000000000000000        28.723861063192199        0.0000000000000000        4923.9506889112927        1.0000000000000000        0.0000000000000000        0.0000000000000000        0.0000000000000000     
   3.2499999999999747       0.33033166969606353        0.0000000000000000        2793.7781495208555        0.0000000000000000       -1.1619220307216966E-302   0.0000000000000000        28.727164379889160        0.0000000000000000        4951.8868609413057        1.0000000000000000        0.0000000000000000        0.0000000000000000        0.0000000000000000     
   3.2599999999999745       0.33033166969606353        0.0000000000000000        2794.1000432787387        0.0000000000000000       -1.1619220307216966E-302   0.0000000000000000        28.730467696586121        0.0000000000000000        4979.8262519045848        1.0000000000000000        0.0000000000000000        0.0000000000000000        0.0000000000000000     
   3.2699999999999743       0.33033166969606353        0.0000000000000000        2794.4219378993375        0.0000000000000000       -1.1619220307216966E-302   0.0000000000000000        28.733771013283082        0.0000000000000000        5007.7688618097563        1.0000000000000000        0.0000000000000000        0.0000000000000000        0.0000000000000000     
   3.2799999999999740       0.33033166969606353        0.0000000000000000        2794.7438333827545        0.0000000000000000       -1.1619220307216966E-302   0.0000000000000000        28.737074329980043        0.0000000000000000        5035.7146906654480        1.0000000000000000        0.0000000000000000        0.0000000000000000        0.0000000000000000     
   3.2899999999999738       0.33033166969606353        0.0000000000000000        2795.0657297290927        0.0000000000000000       -1.1619220307216966E-302   0.0000000000000000        28.740377646677004        0.0000000000000000        5063.6637384802880        1.0000000000000000        0.0000000000000000        0.0000000000000000        0.0000000000000000     
   3.2999999999999736       0.33033166969606353        0.0000000000000000        2795.3876269384546        0.0000000000000000       -1.1619220307216966E-302   0.0000000000000000        28.743680963373965        0.0000000000000000        5091.6160052629066        1.0000000000000000        0.0000000000000000        0.0000000000000000        0.0000000000000000     
   3.3099999999999734       0.33033166969606353        0.0000000000000000        2795.7095250109433        0.0000000000000000       -1.1619220307216966E-302   0.0000000000000000        28.746984280070926        0.0000000000000000        5119.5714910219340        1.0000000000000000        0.0000000000000000        0.0000000000000000        0.0000000000000000     
   3.3199999999999732       0.33033166969606353        0.0000000000000000        2796.0314239466616        0.0000000000000000       -1.1619220307216966E-302   0.0000000000000000        28.750287596767887        0.0000000000000000        5147.5301957660022        1.0000000000000000        0.0000000000000000        0.0000000000000000        0.0000000000000000     
   3.3299999999999730       0.33033166969606353        0.0000000000000000        2796.3533237457127        0.0000000000000000       -1.1619220307216966E-302   0.0000000000000000        28.753590913464848        0.0000000000000000        5175.4921195037450        1.0000000000000000        0.0000000000000000        0.0000000000000000        0.0000000000000000     
   3.3399999999999728       0.33033166969606353        0.0000000000000000        2796.6752244081990        0.0000000000000000       -1.1619220307216966E-302   0.0000000000000000        28.756894230161809        0.0000000000000000        5203.4572622437954        1.0000000000000000        0.0000000000000000        0.0000000000000000        0.0000000000000000     
   3.3499999999999726       0.33033166969606353        0.0000000000000000        2796.9971259342237        0.0000000000000000       -1.1619220307216966E-302   0.0000000000000000        28.760197546858770        0.0000000000000000        5231.4256239947881        1.0000000000000000        0.0000000000000000        0.0000000000000000        0.0000000000000000     
   3.3599999999999723       0.33033166969606353        0.0000000000000000        2797.3190283238896        0.0000000000000000       -1.1619220307216966E-302   0.0000000000000000        28.763500863555731        0.0000000000000000        5259.3972047653588        1.0000000000000000        0.0000000000000000        0.0000000000000000        0.0000000000000000     
   3.3699999999999721       0.33033166969606353        0.0000000000000000        2797.6409315772994        0.0000000000000000       -1.1619220307216966E-302   0.0000000000000000        28.766804180252691        0.0000000000000000        5287.3720045641448        1.0000000000000000        0.0000000000000000        0.0000000000000000        0.0000000000000000     
   3.3799999999999719       0.33033166969606353        0.0000000000000000        2797.9628356945559        0.0000000000000000       -1.1619220307216966E-302   0.0000000000000000        28.770107496949652        0.0000000000000000        5315.3500233997838        1.0000000000000000        0.0000000000000000        0.0000000000000000        0.0000000000000000     
   3.3899999999999717       0.33033166969606353        0.0000000000000000        2798.2847406757624        0.0000000000000000       -1.1619220307216966E-302   0.0000000000000000        28.773410813646613        0.0000000000000000        5343.3312612809150        1.0000000000000000        0.0000000000000000        0.0000000000000000        0.0000000000000000     
   3.3999999999999715       0.33033166969606353        0.0000000000000000        2798.6066465210215        0.0000000000000000       -1.1619220307216966E-302   0.0000000000000000        28.776714130343574        0.0000000000000000        5371.3157182161785        1.0000000000000000        0.0000000000000000        0.0000000000000000        0.0000000000000000     
   3.4099999999999713       0.33033166969606353        0.0000000000000000        2798.9285532304361        0.0000000000000000       -1.1619220307216966E-302   0.0000000000000000        28.780017447040535        0.0000000000000000        5399.3033942142156        1.0000000000000000        0.0000000000000000        0.0000000000000000        0.0000000000000000     
   3.4199999999999711       0.33033166969606353        0.0000000000000000        2799.2504608041090        0.0000000000000000       -1.1619220307216966E-302   0.0000000000000000        28.783320763737496        0.0000000000000000        5427.2942892836681        1.0000000000000000        0.0000000000000000        0.0000000000000000        0.0000000000000000     
   3.4299999999999708       0.33033166969606353        0.0000000000000000        2799.5723692421434        0.0000000000000000       -1.1619220307216966E-302   0.0000000000000000        28.786624080434457        0.0000000000000000        5455.2884034331792        1.0000000000000000        0.0000000000000000        0.0000000000000000        0.0000000000000000     
   3.4399999999999706       0.33033166969606353        0.0000000000000000        2799.8942785446420        0.0000000000000000       -1.1619220307216966E-302   0.0000000000000000        28.789927397131418        0.0000000000000000        5483.2857366713924        1.0000000000000000        0.0000000000000000        0.0000000000000000        0.0000000000000000     
   3.4499999999999704       0.33033166969606353        0.0000000000000000        2800.2161887117077        0.0000000000000000       -1.1619220307216966E-302   0.0000000000000000        28.793230713828379        0.0000000000000000        5511.2862890069537        1.0000000000000000        0.0000000000000000        0.0000000000000000        0.0000000000000000     
   3.4599999999999702       0.33033166969606353        0.0000000000000000        2800.5380997434431        0.0000000000000000       -1.1619220307216966E-302   0.0000000000000000        28.796534030525340        0.0000000000000000        5539.2900604485085        1.0000000000000000        0.0000000000000000        0.0000000000000000        0.0000000000000000     
   3.4699999999999700       0.33033166969606353        0.0000000000000000        2800.8600116399512        0.0000000000000000       -1.1619220307216966E-302   0.0000000000000000        28.799837347222301        0.0000000000000000        5567.2970510047044        1.0000000000000000        0.0000000000000000        0.0000000000000000        0.0000000000000000     
   3.4799999999999698       0.33033166969606353        0.0000000000000000        2801.1819244013350        0.0000000000000000       -1.1619220307216966E-302   0.0000000000000000        28.803140663919262        0.0000000000000000        5595.3072606841897        1.0000000000000000        0.0000000000000000        0.0000000000000000        0.0000000000000000     
   3.4899999999999696       0.33033166969606353        0.0000000000000000        2801.5038380276974        0.0000000000000000       -1.1619220307216966E-302   0.0000000000000000        28.806443980616223        0.0000000000000000        5623.3206894956138        1.0000000000000000        0.0000000000000000        0.0000000000000000        0.0000000000000000     
   3.4999999999999694       0.33033166969606353        0.0000000000000000        2801.8257525191416        0.0000000000000000       -1.1619220307216966E-302   0.0000000000000000        28.809747297313184        0.0000000000000000        5651.3373374476269        1.0000000000000000        0.0000000000000000        0.0000000000000000        0.0000000000000000     
   3.5099999999999691       0.33033166969606353        0.0000000000000000        2802.1476678757699        0.0000000000000000       -1.1619220307216966E-302   0.0000000000000000        28.813050614010145        0.0000000000000000        5679.3572045488800        1.0000000000000000        0.0000000000000000        0.0000000000000000        0.0000000000000000     
   3.5199999999999689       0.33033166969606353        0.0000000000000000        2802.4695840976856        0.0000000000000000       -1.1619220307216966E-302   0.0000000000000000        28.816353930707105        0.0000000000000000        5707.3802908080261        1.0000000000000000        0.0000000000000000        0.0000000000000000        0.0000000000000000     
   3.5299999999999687       0.33033166969606353        0.0000000000000000        2802.7915011849914        0.0000000000000000       -1.1619220307216966E-302   0.0000000000000000        28.819657247404066        0.0000000000000000        5735.4065962337181        1.0000000000000000        0.0000000000000000        0.0000000000000000        0.0000000000000000     
   3.5399999999999685       0.33033166969606353        0.0000000000000000        2803.1134191377901        0.0000000000000000       -1.1619220307216966E-302   0.0000000000000000        28.822960564101027        0.0000000000000000        5763.4361208346108        1.0000000000000000        0.0000000000000000        0.0000000000000000        0.0000000000000000     
   3.5499999999999683       0.33033166969606353        0.0000000000000000        2803.4353379561849        0.0000000000000000       -1.1619220307216966E-302   0.0000000000000000        28.826263880797988        0.0000000000000000        5791.4688646193590        1.0000000000000000        0.0000000000000000        0.0000000000000000        0.0000000000000000     
   3.5599999999999681       0.33033166969606353        0.0000000000000000        2803.7572576402786        0.0000000000000000       -1.1619220307216966E-302   0.0000000000000000        28.829567197494949        0.0000000000000000        5819.5048275966201        1.0000000000000000        0.0000000000000000        0.0000000000000000        0.0000000000000000     
   3.5699999999999679       0.33033166969606353        0.0000000000000000        2804.0791781901739        0.0000000000000000       -1.1619220307216966E-302   0.0000000000000000        28.832870514191910        0.0000000000000000        5847.5440097750507        1.0000000000000000        0.0000000000000000        0.0000000000000000        0.0000000000000000     
   3.5799999999999677       0.33033166969606353        0.0000000000000000        2804.4010996059742        0.0000000000000000       -1.1619220307216966E-302   0.0000000000000000        28.836173830888871        0.0000000000000000        5875.5864111633100        1.0000000000000000        0.0000000000000000        0.0000000000000000        0.0000000000000000     
   3.5899999999999674       0.33033166969606353        0.0000000000000000        2804.7230218877817        0.0000000000000000       -1.1619220307216966E-302   0.0000000000000000        28.839477147585832        0.0000000000000000        5903.6320317700574        1.0000000000000000        0.0000000000000000        0.0000000000000000        0.0000000000000000     
   3.5999999999999672       0.33033166969606353        0.0000000000000000        2805.0449450356996        0.0000000000000000       -1.1619220307216966E-302   0.0000000000000000        28.842780464282793        0.0000000000000000        5931.6808716039532        1.0000000000000000        0.0000000000000000        0.0000000000000000        0.0000000000000000     
   3.6099999999999670       0.33033166969606353        0.0000000000000000        2805.3668690498312        0.0000000000000000       -1.1619220307216966E-302   0.0000000000000000        28.846083780979754        0.0000000000000000        5959.7329306736592        1.0000000000000000        0.0000000000000000        0.0000000000000000        0.0000000000000000     
   3.6199999999999668       0.33033166969606353        0.0000000000000000        2805.6887939302792        0.0000000000000000       -1.1619220307216966E-302   0.0000000000000000        28.849387097676715        0.0000000000000000        5987.7882089878376        1.0000000000000000        0.0000000000000000        0.0000000000000000        0.0000000000000000     
   3.6299999999999666       0.33033166969606353        0.0000000000000000        2806.0107196771460        0.0000000000000000       -1.1619220307216966E-302   0.0000000000000000        28.852690414373676        0.0000000000000000        6015.8467065551531        1.0000000000000000        0.0000000000000000        0.0000000000000000        0.0000000000000000     
   3.6399999999999664       0.33033166969606353        0.0000000000000000        2806.3326462905352        0.0000000000000000       -1.1619220307216966E-302   0.0000000000000000        28.855993731070637        0.0000000000000000        6043.9084233842696        1.0000000000000000        0.0000000000000000        0.0000000000000000        0.0000000000000000     
   3.6499999999999662       0.33033166969606353        0.0000000000000000        2806.6545737705492        0.0000000000000000       -1.1619220307216966E-302   0.0000000000000000        28.859297047767598        0.0000000000000000        6071.9733594838526        1.0000000000000000        0.0000000000000000        0.0000000000000000        0.0000000000000000     
   3.6599999999999659       0.33033166969606353        0.0000000000000000        2806.9765021172911        0.0000000000000000       -1.1619220307216966E-302   0.0000000000000000        28.862600364464559        0.0000000000000000        6100.0415148625698        1.0000000000000000        0.0000000000000000        0.0000000000000000        0.0000000000000000     
   3.6699999999999657       0.33033166969606353        0.0000000000000000        2807.2984313308639        0.0000000000000000       -1.1619220307216966E-302   0.0000000000000000        28.865903681161520        0.0000000000000000        6128.1128895290885        1.0000000000000000        0.0000000000000000        0.0000000000000000        0.0000000000000000     
   3.6799999999999655       0.33033166969606353        0.0000000000000000        2807.6203614113706        0.0000000000000000       -1.1619220307216966E-302   0.0000000000000000        28.869206997858480        0.0000000000000000        6156.1874834920773        1.0000000000000000        0.0000000000000000        0.0000000000000000        0.0000000000000000     
   3.6899999999999653       0.33033166969606353        0.0000000000000000        2807.9422923589141        0.0000000000000000       -1.1619220307216966E-302   0.0000000000000000        28.872510314555441        0.0000000000000000        6184.2652967602062        1.0000000000000000        0.0000000000000000        0.0000000000000000        0.0000000000000000     
   3.6999999999999651       0.33033166969606353        0.0000000000000000        2808.2642241735971        0.0000000000000000       -1.1619220307216966E-302   0.0000000000000000        28.875813631252402        0.0000000000000000        6212.3463293421464        1.0000000000000000        0.0000000000000000        0.0000000000000000        0.0000000000000000     
   3.7099999999999649       0.33033166969606353        0.0000000000000000        2808.5861568555224        0.0000000000000000       -1.1619220307216966E-302   0.0000000000000000        28.879116947949363        0.0000000000000000        6240.4305812465691        1.0000000000000000        0.0000000000000000        0.0000000000000000        0.0000000000000000     
   3.7199999999999647       0.33033166969606353        0.0000000000000000        2808.9080904047933        0.0000000000000000       -1.1619220307216966E-302   0.0000000000000000        28.882420264646324        0.0000000000000000        6268.5180524821481        1.0000000000000000        0.0000000000000000        0.0000000000000000        0.0000000000000000     
   3.7299999999999645       0.33033166969606353        0.0000000000000000        2809.2300248215124        0.0000000000000000       -1.1619220307216966E-302   0.0000000000000000        28.885723581343285        0.0000000000000000        6296.6087430575562        1.0000000000000000        0.0000000000000000        0.0000000000000000        0.0000000000000000     
   3.7399999999999642       0.33033166969606353        0.0000000000000000        2809.5519601057831        0.0000000000000000       -1.1619220307216966E-302   0.0000000000000000        28.889026898040246        0.0000000000000000        6324.7026529814693        1.0000000000000000        0.0000000000000000        0.0000000000000000        0.0000000000000000     
   3.7499999999999640       0.33033166969606353        0.0000000000000000        2809.8738962577081        0.0000000000000000       -1.1619220307216966E-302   0.0000000000000000        28.892330214737207        0.0000000000000000        6352.7997822625639        1.0000000000000000        0.0000000000000000        0.0000000000000000        0.0000000000000000     
   3.7599999999999638       0.33033166969606353        0.0000000000000000        2810.1958332773902        0.0000000000000000       -1.1619220307216966E-302   0.0000000000000000        28.895633531434168        0.0000000000000000        6380.9001309095165        1.0000000000000000        0.0000000000000000        0.0000000000000000        0.0000000000000000     
   3.7699999999999636       0.33033166969606353        0.0000000000000000        2810.5177711649321        0.0000000000000000       -1.1619220307216966E-302   0.0000000000000000        28.898936848131129        0.0000000000000000        6409.0036989310047        1.0000000000000000        0.0000000000000000        0.0000000000000000        0.0000000000000000     
   3.7799999999999634       0.33033166969606353        0.0000000000000000        2810.8397099204371        0.0000000000000000       -1.1619220307216966E-302   0.0000000000000000        28.902240164828090        0.0000000000000000        6437.1104863357086        1.0000000000000000        0.0000000000000000        0.0000000000000000        0.0000000000000000     
   3.7899999999999632       0.33033166969606353        0.0000000000000000        2811.1616495440085        0.0000000000000000       -1.1619220307216966E-302   0.0000000000000000        28.905543481525051        0.0000000000000000        6465.2204931323076        1.0000000000000000        0.0000000000000000        0.0000000000000000        0.0000000000000000     
   3.7999999999999630       0.33033166969606353        0.0000000000000000        2811.4835900357484        0.0000000000000000       -1.1619220307216966E-302   0.0000000000000000        28.908846798222012        0.0000000000000000        6493.3337193294828        1.0000000000000000        0.0000000000000000        0.0000000000000000        0.0000000000000000     
   3.8099999999999627       0.33033166969606353        0.0000000000000000        2811.8055313957602        0.0000000000000000       -1.1619220307216966E-302   0.0000000000000000        28.912150114918973        0.0000000000000000        6521.4501649359172        1.0000000000000000        0.0000000000000000        0.0000000000000000        0.0000000000000000     
   3.8199999999999625       0.33033166969606353        0.0000000000000000        2812.1274736241467        0.0000000000000000       -1.1619220307216966E-302   0.0000000000000000        28.915453431615934        0.0000000000000000        6549.5698299602927        1.0000000000000000        0.0000000000000000        0.0000000000000000        0.0000000000000000     
   3.8299999999999623       0.33033166969606353        0.0000000000000000        2812.4494167210109        0.0000000000000000       -1.1619220307216966E-302   0.0000000000000000        28.918756748312894        0.0000000000000000        6577.6927144112951        1.0000000000000000        0.0000000000000000        0.0000000000000000        0.0000000000000000     
   3.8399999999999621       0.33033166969606353        0.0000000000000000        2812.7713606864559        0.0000000000000000       -1.1619220307216966E-302   0.0000000000000000        28.922060065009855        0.0000000000000000        6605.8188182976082        1.0000000000000000        0.0000000000000000        0.0000000000000000        0.0000000000000000     
   3.8499999999999619       0.33033166969606353        0.0000000000000000        2813.0933055205846        0.0000000000000000       -1.1619220307216966E-302   0.0000000000000000        28.925363381706816        0.0000000000000000        6633.9481416279195        1.0000000000000000        0.0000000000000000        0.0000000000000000        0.0000000000000000     
   3.8599999999999617       0.33033166969606353        0.0000000000000000        2813.4152512234996        0.0000000000000000       -1.1619220307216966E-302   0.0000000000000000        28.928666698403777        0.0000000000000000        6662.0806844109156        1.0000000000000000        0.0000000000000000        0.0000000000000000        0.0000000000000000     
   3.8699999999999615       0.33033166969606353        0.0000000000000000        2813.7371977953044        0.0000000000000000       -1.1619220307216966E-302   0.0000000000000000        28.931970015100738        0.0000000000000000        6690.2164466552858        1.0000000000000000        0.0000000000000000        0.0000000000000000        0.0000000000000000     
   3.8799999999999613       0.33033166969606353        0.0000000000000000        2814.0591452361014        0.0000000000000000       -1.1619220307216966E-302   0.0000000000000000        28.935273331797699        0.0000000000000000        6718.3554283697185        1.0000000000000000        0.0000000000000000        0.0000000000000000        0.0000000000000000     
   3.8899999999999610       0.33033166969606353        0.0000000000000000        2814.3810935459937        0.0000000000000000       -1.1619220307216966E-302   0.0000000000000000        28.938576648494660        0.0000000000000000        6746.4976295629049        1.0000000000000000        0.0000000000000000        0.0000000000000000        0.0000000000000000     
   3.8999999999999608       0.33033166969606353        0.0000000000000000        2814.7030427250847        0.0000000000000000       -1.1619220307216966E-302   0.0000000000000000        28.941879965191621        0.0000000000000000        6774.6430502435360        1.0000000000000000        0.0000000000000000        0.0000000000000000        0.0000000000000000     
   3.9099999999999606       0.33033166969606353        0.0000000000000000        2815.0249927734767        0.0000000000000000       -1.1619220307216966E-302   0.0000000000000000        28.945183281888582        0.0000000000000000        6802.7916904203039        1.0000000000000000        0.0000000000000000        0.0000000000000000        0.0000000000000000     
   3.9199999999999604       0.33033166969606353        0.0000000000000000        2815.3469436912728        0.0000000000000000       -1.1619220307216966E-302   0.0000000000000000        28.948486598585543        0.0000000000000000        6830.9435501019034        1.0000000000000000        0.0000000000000000        0.0000000000000000        0.0000000000000000     
   3.9299999999999602       0.33033166969606353        0.0000000000000000        2815.6688954785764        0.0000000000000000       -1.1619220307216966E-302   0.0000000000000000        28.951789915282504        0.0000000000000000        6859.0986292970283        1.0000000000000000        0.0000000000000000        0.0000000000000000        0.0000000000000000     
   3.9399999999999600       0.33033166969606353        0.0000000000000000        2815.9908481354901        0.0000000000000000       -1.1619220307216966E-302   0.0000000000000000        28.955093231979465        0.0000000000000000        6887.2569280143744        1.0000000000000000        0.0000000000000000        0.0000000000000000        0.0000000000000000     
   3.9499999999999598       0.33033166969606353        0.0000000000000000        2816.3128016621167        0.0000000000000000       -1.1619220307216966E-302   0.0000000000000000        28.958396548676426        0.0000000000000000        6915.4184462626372        1.0000000000000000        0.0000000000000000        0.0000000000000000        0.0000000000000000     
   3.9599999999999596       0.33033166969606353        0.0000000000000000        2816.6347560585596        0.0000000000000000       -1.1619220307216966E-302   0.0000000000000000        28.961699865373387        0.0000000000000000        6943.5831840505161        1.0000000000000000        0.0000000000000000        0.0000000000000000        0.0000000000000000     
   3.9699999999999593       0.33033166969606353        0.0000000000000000        2816.9567113249213        0.0000000000000000       -1.1619220307216966E-302   0.0000000000000000        28.965003182070348        0.0000000000000000        6971.7511413867087        1.0000000000000000        0.0000000000000000        0.0000000000000000        0.0000000000000000     
   3.9799999999999591       0.33033166969606353        0.0000000000000000        2817.2786674613053        0.0000000000000000       -1.1619220307216966E-302   0.0000000000000000        28.968306498767308        0.0000000000000000        6999.9223182799151        1.0000000000000000        0.0000000000000000        0.0000000000000000        0.0000000000000000     
   3.9899999999999589       0.33033166969606353        0.0000000000000000        2817.6006244678142        0.0000000000000000       -1.1619220307216966E-302   0.0000000000000000        28.971609815464269        0.0000000000000000        7028.0967147388355        1.0000000000000000        0.0000000000000000        0.0000000000000000        0.0000000000000000     
   3.9999999999999587       0.33033166969606353        0.0000000000000000        2817.9225823445508        0.0000000000000000       -1.1619220307216966E-302   0.0000000000000000        28.974913132161230        0.0000000000000000        7056.2743307721721        1.0000000000000000        0.0000000000000000        0.0000000000000000        0.0000000000000000     
   4.0099999999999589       0.33033166969606353        0.0000000000000000        2818.2445410916184        0.0000000000000000       -1.1619220307216966E-302   0.0000000000000000        28.978216448858191        0.0000000000000000        7084.4551663886277        1.0000000000000000        0.0000000000000000        0.0000000000000000        0.0000000000000000     
   4.0199999999999587       0.33033166969606353        0.0000000000000000        2818.5665007091197        0.0000000000000000       -1.1619220307216966E-302   0.0000000000000000        28.981519765555152        0.0000000000000000        7112.6392215969063        1.0000000000000000        0.0000000000000000        0.0000000000000000        0.0000000000000000     
   4.0299999999999585       0.33033166969606353        0.0000000000000000        2818.8884611971580        0.0000000000000000       -1.1619220307216966E-302   0.0000000000000000        28.984823082252113        0.0000000000000000        7140.8264964057125        1.0000000000000000        0.0000000000000000        0.0000000000000000        0.0000000000000000     
   4.0399999999999583       0.33033166969606353        0.0000000000000000        2819.2104225558360        0.0000000000000000       -1.1619220307216966E-302   0.0000000000000000        28.988126398949074        0.0000000000000000        7169.0169908237522        1.0000000000000000        0.0000000000000000        0.0000000000000000        0.0000000000000000     
   4.0499999999999581       0.33033166969606353        0.0000000000000000        2819.5323847852569        0.0000000000000000       -1.1619220307216966E-302   0.0000000000000000        28.991429715646035        0.0000000000000000        7197.2107048597318        1.0000000000000000        0.0000000000000000        0.0000000000000000        0.0000000000000000     
   4.0599999999999579       0.33033166969606353        0.0000000000000000        2819.8543478855236        0.0000000000000000       -1.1619220307216966E-302   0.0000000000000000        28.994733032342996        0.0000000000000000        7225.4076385223598        1.0000000000000000        0.0000000000000000        0.0000000000000000        0.0000000000000000     
   4.0699999999999577       0.33033166969606353        0.0000000000000000        2820.1763118567387        0.0000000000000000       -1.1619220307216966E-302   0.0000000000000000        28.998036349039957        0.0000000000000000        7253.6077918203455        1.0000000000000000        0.0000000000000000        0.0000000000000000        0.0000000000000000     
   4.0799999999999574       0.33033166969606353        0.0000000000000000        2820.4982766990056        0.0000000000000000       -1.1619220307216966E-302   0.0000000000000000        29.001339665736918        0.0000000000000000        7281.8111647623982        1.0000000000000000        0.0000000000000000        0.0000000000000000        0.0000000000000000     
   4.0899999999999572       0.33033166969606353        0.0000000000000000        2820.8202424124274        0.0000000000000000       -1.1619220307216966E-302   0.0000000000000000        29.004642982433879        0.0000000000000000        7310.0177573572291        1.0000000000000000        0.0000000000000000        0.0000000000000000        0.0000000000000000     
   4.0999999999999570       0.33033166969606353        0.0000000000000000        2821.1422089971070        0.0000000000000000       -1.1619220307216966E-302   0.0000000000000000        29.007946299130840        0.0000000000000000        7338.2275696135503        1.0000000000000000        0.0000000000000000        0.0000000000000000        0.0000000000000000     
   4.1099999999999568       0.33033166969606353        0.0000000000000000        2821.4641764531470        0.0000000000000000       -1.1619220307216966E-302   0.0000000000000000        29.011249615827801        0.0000000000000000        7366.4406015400755        1.0000000000000000        0.0000000000000000        0.0000000000000000        0.0000000000000000     
   4.1199999999999566       0.33033166969606353        0.0000000000000000        2821.7861447806508        0.0000000000000000       -1.1619220307216966E-302   0.0000000000000000        29.014552932524762        0.0000000000000000        7394.6568531455187        1.0000000000000000        0.0000000000000000        0.0000000000000000        0.0000000000000000     
   4.1299999999999564       0.33033166969606353        0.0000000000000000        2822.1081139797211        0.0000000000000000       -1.1619220307216966E-302   0.0000000000000000        29.017856249221722        0.0000000000000000        7422.8763244385946        1.0000000000000000        0.0000000000000000        0.0000000000000000        0.0000000000000000     
   4.1399999999999562       0.33033166969606353        0.0000000000000000        2822.4300840504611        0.0000000000000000       -1.1619220307216966E-302   0.0000000000000000        29.021159565918683        0.0000000000000000        7451.0990154280189        1.0000000000000000        0.0000000000000000        0.0000000000000000        0.0000000000000000     
   4.1499999999999559       0.33033166969606353        0.0000000000000000        2822.7520549929736        0.0000000000000000       -1.1619220307216966E-302   0.0000000000000000        29.024462882615644        0.0000000000000000        7479.3249261225092        1.0000000000000000        0.0000000000000000        0.0000000000000000        0.0000000000000000     
   4.1599999999999557       0.33033166969606353        0.0000000000000000        2823.0740268073614        0.0000000000000000       -1.1619220307216966E-302   0.0000000000000000        29.027766199312605        0.0000000000000000        7507.5540565307847        1.0000000000000000        0.0000000000000000        0.0000000000000000        0.0000000000000000     
   4.1699999999999555       0.33033166969606353        0.0000000000000000        2823.3959994937281        0.0000000000000000       -1.1619220307216966E-302   0.0000000000000000        29.031069516009566        0.0000000000000000        7535.7864066615639        1.0000000000000000        0.0000000000000000        0.0000000000000000        0.0000000000000000     
   4.1799999999999553       0.33033166969606353        0.0000000000000000        2823.7179730521761        0.0000000000000000       -1.1619220307216966E-302   0.0000000000000000        29.034372832706527        0.0000000000000000        7564.0219765235670        1.0000000000000000        0.0000000000000000        0.0000000000000000        0.0000000000000000     
   4.1899999999999551       0.33033166969606353        0.0000000000000000        2824.0399474828087        0.0000000000000000       -1.1619220307216966E-302   0.0000000000000000        29.037676149403488        0.0000000000000000        7592.2607661255151        1.0000000000000000        0.0000000000000000        0.0000000000000000        0.0000000000000000     
   4.1999999999999549       0.33033166969606353        0.0000000000000000        2824.3619227857289        0.0000000000000000       -1.1619220307216966E-302   0.0000000000000000        29.040979466100449        0.0000000000000000        7620.5027754761313        1.0000000000000000        0.0000000000000000        0.0000000000000000        0.0000000000000000     
   4.2099999999999547       0.33033166969606353        0.0000000000000000        2824.6838989610396        0.0000000000000000       -1.1619220307216966E-302   0.0000000000000000        29.044282782797410        0.0000000000000000        7648.7480045841385        1.0000000000000000        0.0000000000000000        0.0000000000000000        0.0000000000000000     
   4.2199999999999545       0.33033166969606353        0.0000000000000000        2825.0058760088441        0.0000000000000000       -1.1619220307216966E-302   0.0000000000000000        29.047586099494371        0.0000000000000000        7676.9964534582605        1.0000000000000000        0.0000000000000000        0.0000000000000000        0.0000000000000000     
   4.2299999999999542       0.33033166969606353        0.0000000000000000        2825.3278539292451        0.0000000000000000       -1.1619220307216966E-302   0.0000000000000000        29.050889416191332        0.0000000000000000        7705.2481221072239        1.0000000000000000        0.0000000000000000        0.0000000000000000        0.0000000000000000     
   4.2399999999999540       0.33033166969606353        0.0000000000000000        2825.6498327223453        0.0000000000000000       -1.1619220307216966E-302   0.0000000000000000        29.054192732888293        0.0000000000000000        7733.5030105397545        1.0000000000000000        0.0000000000000000        0.0000000000000000        0.0000000000000000     
   4.2499999999999538       0.33033166969606353        0.0000000000000000        2825.9718123882481        0.0000000000000000       -1.1619220307216966E-302   0.0000000000000000        29.057496049585254        0.0000000000000000        7761.7611187645798        1.0000000000000000        0.0000000000000000        0.0000000000000000        0.0000000000000000     
   4.2599999999999536       0.33033166969606353        0.0000000000000000        2826.2937929270565        0.0000000000000000       -1.1619220307216966E-302   0.0000000000000000        29.060799366282215        0.0000000000000000        7790.0224467904291        1.0000000000000000        0.0000000000000000        0.0000000000000000        0.0000000000000000     
   4.2699999999999534       0.33033166969606353        0.0000000000000000        2826.6157743388735        0.0000000000000000       -1.1619220307216966E-302   0.0000000000000000        29.064102682979176        0.0000000000000000        7818.2869946260307        1.0000000000000000        0.0000000000000000        0.0000000000000000        0.0000000000000000     
   4.2799999999999532       0.33033166969606353        0.0000000000000000        2826.9377566238022        0.0000000000000000       -1.1619220307216966E-302   0.0000000000000000        29.067405999676136        0.0000000000000000        7846.5547622801168        1.0000000000000000        0.0000000000000000        0.0000000000000000        0.0000000000000000     
   4.2899999999999530       0.33033166969606353        0.0000000000000000        2827.2597397819454        0.0000000000000000       -1.1619220307216966E-302   0.0000000000000000        29.070709316373097        0.0000000000000000        7874.8257497614177        1.0000000000000000        0.0000000000000000        0.0000000000000000        0.0000000000000000     
   4.2999999999999527       0.33033166969606353        0.0000000000000000        2827.5817238134064        0.0000000000000000       -1.1619220307216966E-302   0.0000000000000000        29.074012633070058        0.0000000000000000        7903.0999570786662        1.0000000000000000        0.0000000000000000        0.0000000000000000        0.0000000000000000     
   4.3099999999999525       0.33033166969606353        0.0000000000000000        2827.9037087182878        0.0000000000000000       -1.1619220307216966E-302   0.0000000000000000        29.077315949767019        0.0000000000000000        7931.3773842405972        1.0000000000000000        0.0000000000000000        0.0000000000000000        0.0000000000000000     
   4.3199999999999523       0.33033166969606353        0.0000000000000000        2828.2256944966925        0.0000000000000000       -1.1619220307216966E-302   0.0000000000000000        29.080619266463980        0.0000000000000000        7959.6580312559445        1.0000000000000000        0.0000000000000000        0.0000000000000000        0.0000000000000000     
   4.3299999999999521       0.33033166969606353        0.0000000000000000        2828.5476811487242        0.0000000000000000       -1.1619220307216966E-302   0.0000000000000000        29.083922583160941        0.0000000000000000        7987.9418981334438        1.0000000000000000        0.0000000000000000        0.0000000000000000        0.0000000000000000     
   4.3399999999999519       0.33033166969606353        0.0000000000000000        2828.8696686744852        0.0000000000000000       -1.1619220307216966E-302   0.0000000000000000        29.087225899857902        0.0000000000000000        8016.2289848818318        1.0000000000000000        0.0000000000000000        0.0000000000000000        0.0000000000000000     
   4.3499999999999517       0.33033166969606353        0.0000000000000000        2829.1916570740791        0.0000000000000000       -1.1619220307216966E-302   0.0000000000000000        29.090529216554863        0.0000000000000000        8044.5192915098460        1.0000000000000000        0.0000000000000000        0.0000000000000000        0.0000000000000000     
   4.3599999999999515       0.33033166969606353        0.0000000000000000        2829.5136463476088        0.0000000000000000       -1.1619220307216966E-302   0.0000000000000000        29.093832533251824        0.0000000000000000        8072.8128180262265        1.0000000000000000        0.0000000000000000        0.0000000000000000        0.0000000000000000     
   4.3699999999999513       0.33033166969606353        0.0000000000000000        2829.8356364951769        0.0000000000000000       -1.1619220307216966E-302   0.0000000000000000        29.097135849948785        0.0000000000000000        8101.1095644397119        1.0000000000000000        0.0000000000000000        0.0000000000000000        0.0000000000000000     
   4.3799999999999510       0.33033166969606353        0.0000000000000000        2830.1576275168868        0.0000000000000000       -1.1619220307216966E-302   0.0000000000000000        29.100439166645746        0.0000000000000000        8129.4095307590442        1.0000000000000000        0.0000000000000000        0.0000000000000000        0.0000000000000000     
   4.3899999999999508       0.33033166969606353        0.0000000000000000        2830.4796194128417        0.0000000000000000       -1.1619220307216966E-302   0.0000000000000000        29.103742483342707        0.0000000000000000        8157.7127169929645        1.0000000000000000        0.0000000000000000        0.0000000000000000        0.0000000000000000     
   4.3999999999999506       0.33033166969606353        0.0000000000000000        2830.8016121831442        0.0000000000000000       -1.1619220307216966E-302   0.0000000000000000        29.107045800039668        0.0000000000000000        8186.0191231502158        1.0000000000000000        0.0000000000000000        0.0000000000000000        0.0000000000000000     
   4.4099999999999504       0.33033166969606353        0.0000000000000000        2831.1236058278973        0.0000000000000000       -1.1619220307216966E-302   0.0000000000000000        29.110349116736629        0.0000000000000000        8214.3287492395430        1.0000000000000000        0.0000000000000000        0.0000000000000000        0.0000000000000000     
   4.4199999999999502       0.33033166969606353        0.0000000000000000        2831.4456003472046        0.0000000000000000       -1.1619220307216966E-302   0.0000000000000000        29.113652433433590        0.0000000000000000        8242.6415952696898        1.0000000000000000        0.0000000000000000        0.0000000000000000        0.0000000000000000     
   4.4299999999999500       0.33033166969606353        0.0000000000000000        2831.7675957411684        0.0000000000000000       -1.1619220307216966E-302   0.0000000000000000        29.116955750130550        0.0000000000000000        8270.9576612494020        1.0000000000000000        0.0000000000000000        0.0000000000000000        0.0000000000000000     
   4.4399999999999498       0.33033166969606353        0.0000000000000000        2832.0895920098924        0.0000000000000000       -1.1619220307216966E-302   0.0000000000000000        29.120259066827511        0.0000000000000000        8299.2769471874290        1.0000000000000000        0.0000000000000000        0.0000000000000000        0.0000000000000000     
   4.4499999999999496       0.33033166969606353        0.0000000000000000        2832.4115891534789        0.0000000000000000       -1.1619220307216966E-302   0.0000000000000000        29.123562383524472        0.0000000000000000        8327.5994530925163        1.0000000000000000        0.0000000000000000        0.0000000000000000        0.0000000000000000     
   4.4599999999999493       0.33033166969606353        0.0000000000000000        2832.7335871720315        0.0000000000000000       -1.1619220307216966E-302   0.0000000000000000        29.126865700221433        0.0000000000000000        8355.9251789734153        1.0000000000000000        0.0000000000000000        0.0000000000000000        0.0000000000000000     
   4.4699999999999491       0.33033166969606353        0.0000000000000000        2833.0555860656532        0.0000000000000000       -1.1619220307216966E-302   0.0000000000000000        29.130169016918394        0.0000000000000000        8384.2541248388752        1.0000000000000000        0.0000000000000000        0.0000000000000000        0.0000000000000000     
   4.4799999999999489       0.33033166969606353        0.0000000000000000        2833.3775858344470        0.0000000000000000       -1.1619220307216966E-302   0.0000000000000000        29.133472333615355        0.0000000000000000        8412.5862906976472        1.0000000000000000        0.0000000000000000        0.0000000000000000        0.0000000000000000     
   4.4899999999999487       0.33033166969606353        0.0000000000000000        2833.6995864785158        0.0000000000000000       -1.1619220307216966E-302   0.0000000000000000        29.136775650312316        0.0000000000000000        8440.9216765584824        1.0000000000000000        0.0000000000000000        0.0000000000000000        0.0000000000000000     
   4.4999999999999485       0.33033166969606353        0.0000000000000000        2834.0215879979628        0.0000000000000000       -1.1619220307216966E-302   0.0000000000000000        29.140078967009277        0.0000000000000000        8469.2602824301357        1.0000000000000000        0.0000000000000000        0.0000000000000000        0.0000000000000000     
   4.5099999999999483       0.33033166969606353        0.0000000000000000        2834.3435903928907        0.0000000000000000       -1.1619220307216966E-302   0.0000000000000000        29.143382283706238        0.0000000000000000        8497.6021083213600        1.0000000000000000        0.0000000000000000        0.0000000000000000        0.0000000000000000     
   4.5199999999999481       0.33033166969606353        0.0000000000000000        2834.6655936634029        0.0000000000000000       -1.1619220307216966E-302   0.0000000000000000        29.146685600403199        0.0000000000000000        8525.9471542409119        1.0000000000000000        0.0000000000000000        0.0000000000000000        0.0000000000000000     
   4.5299999999999478       0.33033166969606353        0.0000000000000000        2834.9875978096024        0.0000000000000000       -1.1619220307216966E-302   0.0000000000000000        29.149988917100160        0.0000000000000000        8554.2954201975463        1.0000000000000000        0.0000000000000000        0.0000000000000000        0.0000000000000000     
   4.5399999999999476       0.33033166969606353        0.0000000000000000        2835.3096028315922        0.0000000000000000       -1.1619220307216966E-302   0.0000000000000000        29.153292233797121        0.0000000000000000        8582.6469062000215        1.0000000000000000        0.0000000000000000        0.0000000000000000        0.0000000000000000     
   4.5499999999999474       0.33033166969606353        0.0000000000000000        2835.6316087294754        0.0000000000000000       -1.1619220307216966E-302   0.0000000000000000        29.156595550494082        0.0000000000000000        8611.0016122570960        1.0000000000000000        0.0000000000000000        0.0000000000000000        0.0000000000000000     
   4.5599999999999472       0.33033166969606353        0.0000000000000000        2835.9536155033547        0.0000000000000000       -1.1619220307216966E-302   0.0000000000000000        29.159898867191043        0.0000000000000000        8639.3595383775300        1.0000000000000000        0.0000000000000000        0.0000000000000000        0.0000000000000000     
   4.5699999999999470       0.33033166969606353        0.0000000000000000        2836.2756231533335        0.0000000000000000       -1.1619220307216966E-302   0.0000000000000000        29.163202183888004        0.0000000000000000        8667.7206845700839        1.0000000000000000        0.0000000000000000        0.0000000000000000        0.0000000000000000     
   4.5799999999999468       0.33033166969606353        0.0000000000000000        2836.5976316795150        0.0000000000000000       -1.1619220307216966E-302   0.0000000000000000        29.166505500584964        0.0000000000000000        8696.0850508435178        1.0000000000000000        0.0000000000000000        0.0000000000000000        0.0000000000000000     
   4.5899999999999466       0.33033166969606353        0.0000000000000000        2836.9196410820018        0.0000000000000000       -1.1619220307216966E-302   0.0000000000000000        29.169808817281925        0.0000000000000000        8724.4526372065957        1.0000000000000000        0.0000000000000000        0.0000000000000000        0.0000000000000000     
   4.5999999999999464       0.33033166969606353        0.0000000000000000        2837.2416513608973        0.0000000000000000       -1.1619220307216966E-302   0.0000000000000000        29.173112133978886        0.0000000000000000        8752.8234436680796        1.0000000000000000        0.0000000000000000        0.0000000000000000        0.0000000000000000     
   4.6099999999999461       0.33033166969606353        0.0000000000000000        2837.5636625163042        0.0000000000000000       -1.1619220307216966E-302   0.0000000000000000        29.176415450675847        0.0000000000000000        8781.1974702367352        1.0000000000000000        0.0000000000000000        0.0000000000000000        0.0000000000000000     
   4.6199999999999459       0.33033166969606353        0.0000000000000000        2837.8856745483263        0.0000000000000000       -1.1619220307216966E-302   0.0000000000000000        29.179718767372808        0.0000000000000000        8809.5747169213282        1.0000000000000000        0.0000000000000000        0.0000000000000000        0.0000000000000000     
   4.6299999999999457       0.33033166969606353        0.0000000000000000        2838.2076874570657        0.0000000000000000       -1.1619220307216966E-302   0.0000000000000000        29.183022084069769        0.0000000000000000        8837.9551837306244        1.0000000000000000        0.0000000000000000        0.0000000000000000        0.0000000000000000     
   4.6399999999999455       0.33033166969606353        0.0000000000000000        2838.5297012426263        0.0000000000000000       -1.1619220307216966E-302   0.0000000000000000        29.186325400766730        0.0000000000000000        8866.3388706733913        1.0000000000000000        0.0000000000000000        0.0000000000000000        0.0000000000000000     
   4.6499999999999453       0.33033166969606353        0.0000000000000000        2838.8517159051107        0.0000000000000000       -1.1619220307216966E-302   0.0000000000000000        29.189628717463691        0.0000000000000000        8894.7257777584000        1.0000000000000000        0.0000000000000000        0.0000000000000000        0.0000000000000000     
   4.6599999999999451       0.33033166969606353        0.0000000000000000        2839.1737314446218        0.0000000000000000       -1.1619220307216966E-302   0.0000000000000000        29.192932034160652        0.0000000000000000        8923.1159049944181        1.0000000000000000        0.0000000000000000        0.0000000000000000        0.0000000000000000     
   4.6699999999999449       0.33033166969606353        0.0000000000000000        2839.4957478612632        0.0000000000000000       -1.1619220307216966E-302   0.0000000000000000        29.196235350857613        0.0000000000000000        8951.5092523902167        1.0000000000000000        0.0000000000000000        0.0000000000000000        0.0000000000000000     
   4.6799999999999446       0.33033166969606353        0.0000000000000000        2839.8177651551377        0.0000000000000000       -1.1619220307216966E-302   0.0000000000000000        29.199538667554574        0.0000000000000000        8979.9058199545671        1.0000000000000000        0.0000000000000000        0.0000000000000000        0.0000000000000000     
   4.6899999999999444       0.33033166969606353        0.0000000000000000        2840.1397833263482        0.0000000000000000       -1.1619220307216966E-302   0.0000000000000000        29.202841984251535        0.0000000000000000        9008.3056076962439        1.0000000000000000        0.0000000000000000        0.0000000000000000        0.0000000000000000     
   4.6999999999999442       0.33033166969606353        0.0000000000000000        2840.4618023749981        0.0000000000000000       -1.1619220307216966E-302   0.0000000000000000        29.206145300948496        0.0000000000000000        9036.7086156240202        1.0000000000000000        0.0000000000000000        0.0000000000000000        0.0000000000000000     
   4.7099999999999440       0.33033166969606353        0.0000000000000000        2840.7838223011904        0.0000000000000000       -1.1619220307216966E-302   0.0000000000000000        29.209448617645457        0.0000000000000000        9065.1148437466691        1.0000000000000000        0.0000000000000000        0.0000000000000000        0.0000000000000000     
   4.7199999999999438       0.33033166969606353        0.0000000000000000        2841.1058431050278        0.0000000000000000       -1.1619220307216966E-302   0.0000000000000000        29.212751934342418        0.0000000000000000        9093.5242920729688        1.0000000000000000        0.0000000000000000        0.0000000000000000        0.0000000000000000     
   4.7299999999999436       0.33033166969606353        0.0000000000000000        2841.4278647866136        0.0000000000000000       -1.1619220307216966E-302   0.0000000000000000        29.216055251039379        0.0000000000000000        9121.9369606116961        1.0000000000000000        0.0000000000000000        0.0000000000000000        0.0000000000000000     
   4.7399999999999434       0.33033166969606353        0.0000000000000000        2841.7498873460509        0.0000000000000000       -1.1619220307216966E-302   0.0000000000000000        29.219358567736339        0.0000000000000000        9150.3528493716276        1.0000000000000000        0.0000000000000000        0.0000000000000000        0.0000000000000000     
   4.7499999999999432       0.33033166969606353        0.0000000000000000        2842.0719107834429        0.0000000000000000       -1.1619220307216966E-302   0.0000000000000000        29.222661884433300        0.0000000000000000        9178.7719583615435        1.0000000000000000        0.0000000000000000        0.0000000000000000        0.0000000000000000     
   4.7599999999999429       0.33033166969606353        0.0000000000000000        2842.3939350988926        0.0000000000000000       -1.1619220307216966E-302   0.0000000000000000        29.225965201130261        0.0000000000000000        9207.1942875902241        1.0000000000000000        0.0000000000000000        0.0000000000000000        0.0000000000000000     
   4.7699999999999427       0.33033166969606353        0.0000000000000000        2842.7159602925030        0.0000000000000000       -1.1619220307216966E-302   0.0000000000000000        29.229268517827222        0.0000000000000000        9235.6198370664497        1.0000000000000000        0.0000000000000000        0.0000000000000000        0.0000000000000000     
   4.7799999999999425       0.33033166969606353        0.0000000000000000        2843.0379863643775        0.0000000000000000       -1.1619220307216966E-302   0.0000000000000000        29.232571834524183        0.0000000000000000        9264.0486067990023        1.0000000000000000        0.0000000000000000        0.0000000000000000        0.0000000000000000     
   4.7899999999999423       0.33033166969606353        0.0000000000000000        2843.3600133146188        0.0000000000000000       -1.1619220307216966E-302   0.0000000000000000        29.235875151221144        0.0000000000000000        9292.4805967966658        1.0000000000000000        0.0000000000000000        0.0000000000000000        0.0000000000000000     
   4.7999999999999421       0.33033166969606353        0.0000000000000000        2843.6820411433300        0.0000000000000000       -1.1619220307216966E-302   0.0000000000000000        29.239178467918105        0.0000000000000000        9320.9158070682242        1.0000000000000000        0.0000000000000000        0.0000000000000000        0.0000000000000000     
   4.8099999999999419       0.33033166969606353        0.0000000000000000        2844.0040698506145        0.0000000000000000       -1.1619220307216966E-302   0.0000000000000000        29.242481784615066        0.0000000000000000        9349.3542376224614        1.0000000000000000        0.0000000000000000        0.0000000000000000        0.0000000000000000     
   4.8199999999999417       0.33033166969606353        0.0000000000000000        2844.3260994365751        0.0000000000000000       -1.1619220307216966E-302   0.0000000000000000        29.245785101312027        0.0000000000000000        9377.7958884681648        1.0000000000000000        0.0000000000000000        0.0000000000000000        0.0000000000000000     
   4.8299999999999415       0.33033166969606353        0.0000000000000000        2844.6481299013149        0.0000000000000000       -1.1619220307216966E-302   0.0000000000000000        29.249088418008988        0.0000000000000000        9406.2407596141220        1.0000000000000000        0.0000000000000000        0.0000000000000000        0.0000000000000000     
   4.8399999999999412       0.33033166969606353        0.0000000000000000        2844.9701612449371        0.0000000000000000       -1.1619220307216966E-302   0.0000000000000000        29.252391734705949        0.0000000000000000        9434.6888510691206        1.0000000000000000        0.0000000000000000        0.0000000000000000        0.0000000000000000     
   4.8499999999999410       0.33033166969606353        0.0000000000000000        2845.2921934675451        0.0000000000000000       -1.1619220307216966E-302   0.0000000000000000        29.255695051402910        0.0000000000000000        9463.1401628419499        1.0000000000000000        0.0000000000000000        0.0000000000000000        0.0000000000000000     
   4.8599999999999408       0.33033166969606353        0.0000000000000000        2845.6142265692415        0.0000000000000000       -1.1619220307216966E-302   0.0000000000000000        29.258998368099871        0.0000000000000000        9491.5946949414010        1.0000000000000000        0.0000000000000000        0.0000000000000000        0.0000000000000000     
   4.8699999999999406       0.33033166969606353        0.0000000000000000        2845.9362605501296        0.0000000000000000       -1.1619220307216966E-302   0.0000000000000000        29.262301684796832        0.0000000000000000        9520.0524473762653        1.0000000000000000        0.0000000000000000        0.0000000000000000        0.0000000000000000     
   4.8799999999999404       0.33033166969606353        0.0000000000000000        2846.2582954103123        0.0000000000000000       -1.1619220307216966E-302   0.0000000000000000        29.265605001493793        0.0000000000000000        9548.5134201553356        1.0000000000000000        0.0000000000000000        0.0000000000000000        0.0000000000000000     
   4.8899999999999402       0.33033166969606353        0.0000000000000000        2846.5803311498930        0.0000000000000000       -1.1619220307216966E-302   0.0000000000000000        29.268908318190753        0.0000000000000000        9576.9776132874031        1.0000000000000000        0.0000000000000000        0.0000000000000000        0.0000000000000000     
   4.8999999999999400       0.33033166969606353        0.0000000000000000        2846.9023677689747        0.0000000000000000       -1.1619220307216966E-302   0.0000000000000000        29.272211634887714        0.0000000000000000        9605.4450267812645        1.0000000000000000        0.0000000000000000        0.0000000000000000        0.0000000000000000     
   4.9099999999999397       0.33033166969606353        0.0000000000000000        2847.2244052676606        0.0000000000000000       -1.1619220307216966E-302   0.0000000000000000        29.275514951584675        0.0000000000000000        9633.9156606457145        1.0000000000000000        0.0000000000000000        0.0000000000000000        0.0000000000000000     
   4.9199999999999395       0.33033166969606353        0.0000000000000000        2847.5464436460534        0.0000000000000000       -1.1619220307216966E-302   0.0000000000000000        29.278818268281636        0.0000000000000000        9662.3895148895499        1.0000000000000000        0.0000000000000000        0.0000000000000000        0.0000000000000000     
   4.9299999999999393       0.33033166969606353        0.0000000000000000        2847.8684829042563        0.0000000000000000       -1.1619220307216966E-302   0.0000000000000000        29.282121584978597        0.0000000000000000        9690.8665895215690        1.0000000000000000        0.0000000000000000        0.0000000000000000        0.0000000000000000     
   4.9399999999999391       0.33033166969606353        0.0000000000000000        2848.1905230423727        0.0000000000000000       -1.1619220307216966E-302   0.0000000000000000        29.285424901675558        0.0000000000000000        9719.3468845505686        1.0000000000000000        0.0000000000000000        0.0000000000000000        0.0000000000000000     
   4.9499999999999389       0.33033166969606353        0.0000000000000000        2848.5125640605056        0.0000000000000000       -1.1619220307216966E-302   0.0000000000000000        29.288728218372519        0.0000000000000000        9747.8303999853488        1.0000000000000000        0.0000000000000000        0.0000000000000000        0.0000000000000000     
   4.9599999999999387       0.33033166969606353        0.0000000000000000        2848.8346059587584        0.0000000000000000       -1.1619220307216966E-302   0.0000000000000000        29.292031535069480        0.0000000000000000        9776.3171358347117        1.0000000000000000        0.0000000000000000        0.0000000000000000        0.0000000000000000     
   4.9699999999999385       0.33033166969606353        0.0000000000000000        2849.1566487372338        0.0000000000000000       -1.1619220307216966E-302   0.0000000000000000        29.295334851766441        0.0000000000000000        9804.8070921074577        1.0000000000000000        0.0000000000000000        0.0000000000000000        0.0000000000000000     
   4.9799999999999383       0.33033166969606353        0.0000000000000000        2849.4786923960351        0.0000000000000000       -1.1619220307216966E-302   0.0000000000000000        29.298638168463402        0.0000000000000000        9833.3002688123906        1.0000000000000000        0.0000000000000000        0.0000000000000000        0.0000000000000000     
   4.9899999999999380       0.33033166969606353        0.0000000000000000        2849.8007369352649        0.0000000000000000       -1.1619220307216966E-302   0.0000000000000000        29.301941485160363        0.0000000000000000        9861.7966659583126        1.0000000000000000        0.0000000000000000        0.0000000000000000        0.0000000000000000     
   4.9999999999999378       0.33033166969606353        0.0000000000000000        2850.1227823550271        0.0000000000000000       -1.1619220307216966E-302   0.0000000000000000        29.305244801857324        0.0000000000000000        9890.2962835540311        1.0000000000000000        0.0000000000000000        0.0000000000000000        0.0000000000000000     
   5.0099999999999376       0.33033166969606353        0.0000000000000000        2850.4448286554243        0.0000000000000000       -1.1619220307216966E-302   0.0000000000000000        29.308548118554285        0.0000000000000000        9918.7991216083501        1.0000000000000000        0.0000000000000000        0.0000000000000000        0.0000000000000000     
   5.0199999999999374       0.33033166969606353        0.0000000000000000        2850.7668758365598        0.0000000000000000       -1.1619220307216966E-302   0.0000000000000000        29.311851435251246        0.0000000000000000        9947.3051801300753        1.0000000000000000        0.0000000000000000        0.0000000000000000        0.0000000000000000     
   5.0299999999999372       0.33033166969606353        0.0000000000000000        2851.0889238985369        0.0000000000000000       -1.1619220307216966E-302   0.0000000000000000        29.315154751948207        0.0000000000000000        9975.8144591280161        1.0000000000000000        0.0000000000000000        0.0000000000000000        0.0000000000000000     
   5.0399999999999370       0.33033166969606353        0.0000000000000000        2851.4109728414583        0.0000000000000000       -1.1619220307216966E-302   0.0000000000000000        29.318458068645167        0.0000000000000000        10004.326958610982        1.0000000000000000        0.0000000000000000        0.0000000000000000        0.0000000000000000     
   5.0499999999999368       0.33033166969606353        0.0000000000000000        2851.7330226654276        0.0000000000000000       -1.1619220307216966E-302   0.0000000000000000        29.321761385342128        0.0000000000000000        10032.842678587782        1.0000000000000000        0.0000000000000000        0.0000000000000000        0.0000000000000000     
   5.0599999999999365       0.33033166969606353        0.0000000000000000        2852.0550733705477        0.0000000000000000       -1.1619220307216966E-302   0.0000000000000000        29.325064702039089        0.0000000000000000        10061.361619067227        1.0000000000000000        0.0000000000000000        0.0000000000000000        0.0000000000000000     
   5.0699999999999363       0.33033166969606353        0.0000000000000000        2852.3771249569218        0.0000000000000000       -1.1619220307216966E-302   0.0000000000000000        29.328368018736050        0.0000000000000000        10089.883780058130        1.0000000000000000        0.0000000000000000        0.0000000000000000        0.0000000000000000     
   5.0799999999999361       0.33033166969606353        0.0000000000000000        2852.6991774246526        0.0000000000000000       -1.1619220307216966E-302   0.0000000000000000        29.331671335433011        0.0000000000000000        10118.409161569303        1.0000000000000000        0.0000000000000000        0.0000000000000000        0.0000000000000000     
   5.0899999999999359       0.33033166969606353        0.0000000000000000        2853.0212307738439        0.0000000000000000       -1.1619220307216966E-302   0.0000000000000000        29.334974652129972        0.0000000000000000        10146.937763609561        1.0000000000000000        0.0000000000000000        0.0000000000000000        0.0000000000000000     
   5.0999999999999357       0.33033166969606353        0.0000000000000000        2853.3432850045983        0.0000000000000000       -1.1619220307216966E-302   0.0000000000000000        29.338277968826933        0.0000000000000000        10175.469586187719        1.0000000000000000        0.0000000000000000        0.0000000000000000        0.0000000000000000     
   5.1099999999999355       0.33033166969606353        0.0000000000000000        2853.6653401170192        0.0000000000000000       -1.1619220307216966E-302   0.0000000000000000        29.341581285523894        0.0000000000000000        10204.004629312592        1.0000000000000000        0.0000000000000000        0.0000000000000000        0.0000000000000000     
   5.1199999999999353       0.33033166969606353        0.0000000000000000        2853.9873961112098        0.0000000000000000       -1.1619220307216966E-302   0.0000000000000000        29.344884602220855        0.0000000000000000        10232.542892992999        1.0000000000000000        0.0000000000000000        0.0000000000000000        0.0000000000000000     
   5.1299999999999351       0.33033166969606353        0.0000000000000000        2854.3094529872728        0.0000000000000000       -1.1619220307216966E-302   0.0000000000000000        29.348187918917816        0.0000000000000000        10261.084377237756        1.0000000000000000        0.0000000000000000        0.0000000000000000        0.0000000000000000     
   5.1399999999999348       0.33033166969606353        0.0000000000000000        2854.6315107453120        0.0000000000000000       -1.1619220307216966E-302   0.0000000000000000        29.351491235614777        0.0000000000000000        10289.629082055684        1.0000000000000000        0.0000000000000000        0.0000000000000000        0.0000000000000000     
   5.1499999999999346       0.33033166969606353        0.0000000000000000        2854.9535693854300        0.0000000000000000       -1.1619220307216966E-302   0.0000000000000000        29.354794552311738        0.0000000000000000        10318.177007455603        1.0000000000000000        0.0000000000000000        0.0000000000000000        0.0000000000000000     
   5.1599999999999344       0.33033166969606353        0.0000000000000000        2855.2756289077302        0.0000000000000000       -1.1619220307216966E-302   0.0000000000000000        29.358097869008699        0.0000000000000000        10346.728153446333        1.0000000000000000        0.0000000000000000        0.0000000000000000        0.0000000000000000     
   5.1699999999999342       0.33033166969606353        0.0000000000000000        2855.5976893123157        0.0000000000000000       -1.1619220307216966E-302   0.0000000000000000        29.361401185705660        0.0000000000000000        10375.282520036697        1.0000000000000000        0.0000000000000000        0.0000000000000000        0.0000000000000000     
   5.1799999999999340       0.33033166969606353        0.0000000000000000        2855.9197505992893        0.0000000000000000       -1.1619220307216966E-302   0.0000000000000000        29.364704502402621        0.0000000000000000        10403.840107235519        1.0000000000000000        0.0000000000000000        0.0000000000000000        0.0000000000000000     
   5.1899999999999338       0.33033166969606353        0.0000000000000000        2856.2418127687547        0.0000000000000000       -1.1619220307216966E-302   0.0000000000000000        29.368007819099581        0.0000000000000000        10432.400915051623        1.0000000000000000        0.0000000000000000        0.0000000000000000        0.0000000000000000     
   5.1999999999999336       0.33033166969606353        0.0000000000000000        2856.5638758208147        0.0000000000000000       -1.1619220307216966E-302   0.0000000000000000        29.371311135796542        0.0000000000000000        10460.964943493835        1.0000000000000000        0.0000000000000000        0.0000000000000000        0.0000000000000000     
   5.2099999999999334       0.33033166969606353        0.0000000000000000        2856.8859397555725        0.0000000000000000       -1.1619220307216966E-302   0.0000000000000000        29.374614452493503        0.0000000000000000        10489.532192570981        1.0000000000000000        0.0000000000000000        0.0000000000000000        0.0000000000000000     
   5.2199999999999331       0.33033166969606353        0.0000000000000000        2857.2080045731313        0.0000000000000000       -1.1619220307216966E-302   0.0000000000000000        29.377917769190464        0.0000000000000000        10518.102662291889        1.0000000000000000        0.0000000000000000        0.0000000000000000        0.0000000000000000     
   5.2299999999999329       0.33033166969606353        0.0000000000000000        2857.5300702735944        0.0000000000000000       -1.1619220307216966E-302   0.0000000000000000        29.381221085887425        0.0000000000000000        10546.676352665387        1.0000000000000000        0.0000000000000000        0.0000000000000000        0.0000000000000000     
   5.2399999999999327       0.33033166969606353        0.0000000000000000        2857.8521368570646        0.0000000000000000       -1.1619220307216966E-302   0.0000000000000000        29.384524402584386        0.0000000000000000        10575.253263700304        1.0000000000000000        0.0000000000000000        0.0000000000000000        0.0000000000000000     
   5.2499999999999325       0.33033166969606353        0.0000000000000000        2858.1742043236454        0.0000000000000000       -1.1619220307216966E-302   0.0000000000000000        29.387827719281347        0.0000000000000000        10603.833395405472        1.0000000000000000        0.0000000000000000        0.0000000000000000        0.0000000000000000     
   5.2599999999999323       0.33033166969606353        0.0000000000000000        2858.4962726734398        0.0000000000000000       -1.1619220307216966E-302   0.0000000000000000        29.391131035978308        0.0000000000000000        10632.416747789723        1.0000000000000000        0.0000000000000000        0.0000000000000000        0.0000000000000000     
   5.2699999999999321       0.33033166969606353        0.0000000000000000        2858.8183419065508        0.0000000000000000       -1.1619220307216966E-302   0.0000000000000000        29.394434352675269        0.0000000000000000        10661.003320861886        1.0000000000000000        0.0000000000000000        0.0000000000000000        0.0000000000000000     
   5.2799999999999319       0.33033166969606353        0.0000000000000000        2859.1404120230818        0.0000000000000000       -1.1619220307216966E-302   0.0000000000000000        29.397737669372230        0.0000000000000000        10689.593114630798        1.0000000000000000        0.0000000000000000        0.0000000000000000        0.0000000000000000     
   5.2899999999999316       0.33033166969606353        0.0000000000000000        2859.4624830231360        0.0000000000000000       -1.1619220307216966E-302   0.0000000000000000        29.401040986069191        0.0000000000000000        10718.186129105292        1.0000000000000000        0.0000000000000000        0.0000000000000000        0.0000000000000000     
   5.2999999999999314       0.33033166969606353        0.0000000000000000        2859.7845549068161        0.0000000000000000       -1.1619220307216966E-302   0.0000000000000000        29.404344302766152        0.0000000000000000        10746.782364294206        1.0000000000000000        0.0000000000000000        0.0000000000000000        0.0000000000000000     
   5.3099999999999312       0.33033166969606353        0.0000000000000000        2860.1066276742258        0.0000000000000000       -1.1619220307216966E-302   0.0000000000000000        29.407647619463113        0.0000000000000000        10775.381820206374        1.0000000000000000        0.0000000000000000        0.0000000000000000        0.0000000000000000     
   5.3199999999999310       0.33033166969606353        0.0000000000000000        2860.4287013254680        0.0000000000000000       -1.1619220307216966E-302   0.0000000000000000        29.410950936160074        0.0000000000000000        10803.984496850635        1.0000000000000000        0.0000000000000000        0.0000000000000000        0.0000000000000000     
   5.3299999999999308       0.33033166969606353        0.0000000000000000        2860.7507758606462        0.0000000000000000       -1.1619220307216966E-302   0.0000000000000000        29.414254252857035        0.0000000000000000        10832.590394235829        1.0000000000000000        0.0000000000000000        0.0000000000000000        0.0000000000000000     
   5.3399999999999306       0.33033166969606353        0.0000000000000000        2861.0728512798632        0.0000000000000000       -1.1619220307216966E-302   0.0000000000000000        29.417557569553995        0.0000000000000000        10861.199512370795        1.0000000000000000        0.0000000000000000        0.0000000000000000        0.0000000000000000     
   5.3499999999999304       0.33033166969606353        0.0000000000000000        2861.3949275832224        0.0000000000000000       -1.1619220307216966E-302   0.0000000000000000        29.420860886250956        0.0000000000000000        10889.811851264374        1.0000000000000000        0.0000000000000000        0.0000000000000000        0.0000000000000000     
   5.3599999999999302       0.33033166969606353        0.0000000000000000        2861.7170047708269        0.0000000000000000       -1.1619220307216966E-302   0.0000000000000000        29.424164202947917        0.0000000000000000        10918.427410925407        1.0000000000000000        0.0000000000000000        0.0000000000000000        0.0000000000000000     
   5.3699999999999299       0.33033166969606353        0.0000000000000000        2862.0390828427794        0.0000000000000000       -1.1619220307216966E-302   0.0000000000000000        29.427467519644878        0.0000000000000000        10947.046191362739        1.0000000000000000        0.0000000000000000        0.0000000000000000        0.0000000000000000     
   5.3799999999999297       0.33033166969606353        0.0000000000000000        2862.3611617991837        0.0000000000000000       -1.1619220307216966E-302   0.0000000000000000        29.430770836341839        0.0000000000000000        10975.668192585212        1.0000000000000000        0.0000000000000000        0.0000000000000000        0.0000000000000000     
   5.3899999999999295       0.33033166969606353        0.0000000000000000        2862.6832416401426        0.0000000000000000       -1.1619220307216966E-302   0.0000000000000000        29.434074153038800        0.0000000000000000        11004.293414601671        1.0000000000000000        0.0000000000000000        0.0000000000000000        0.0000000000000000     
   5.3999999999999293       0.33033166969606353        0.0000000000000000        2863.0053223657596        0.0000000000000000       -1.1619220307216966E-302   0.0000000000000000        29.437377469735761        0.0000000000000000        11032.921857420963        1.0000000000000000        0.0000000000000000        0.0000000000000000        0.0000000000000000     
   5.4099999999999291       0.33033166969606353        0.0000000000000000        2863.3274039761377        0.0000000000000000       -1.1619220307216966E-302   0.0000000000000000        29.440680786432722        0.0000000000000000        11061.553521051936        1.0000000000000000        0.0000000000000000        0.0000000000000000        0.0000000000000000     
   5.4199999999999289       0.33033166969606353        0.0000000000000000        2863.6494864713800        0.0000000000000000       -1.1619220307216966E-302   0.0000000000000000        29.443984103129683        0.0000000000000000        11090.188405503435        1.0000000000000000        0.0000000000000000        0.0000000000000000        0.0000000000000000     
   5.4299999999999287       0.33033166969606353        0.0000000000000000        2863.9715698515897        0.0000000000000000       -1.1619220307216966E-302   0.0000000000000000        29.447287419826644        0.0000000000000000        11118.826510784313        1.0000000000000000        0.0000000000000000        0.0000000000000000        0.0000000000000000     
   5.4399999999999284       0.33033166969606353        0.0000000000000000        2864.2936541168701        0.0000000000000000       -1.1619220307216966E-302   0.0000000000000000        29.450590736523605        0.0000000000000000        11147.467836903417        1.0000000000000000        0.0000000000000000        0.0000000000000000        0.0000000000000000     
   5.4499999999999282       0.33033166969606353        0.0000000000000000        2864.6157392673244        0.0000000000000000       -1.1619220307216966E-302   0.0000000000000000        29.453894053220566        0.0000000000000000        11176.112383869600        1.0000000000000000        0.0000000000000000        0.0000000000000000        0.0000000000000000     
   5.4599999999999280       0.33033166969606353        0.0000000000000000        2864.9378253030559        0.0000000000000000       -1.1619220307216966E-302   0.0000000000000000        29.457197369917527        0.0000000000000000        11204.760151691715        1.0000000000000000        0.0000000000000000        0.0000000000000000        0.0000000000000000     
   5.4699999999999278       0.33033166969606353        0.0000000000000000        2865.2599122241677        0.0000000000000000       -1.1619220307216966E-302   0.0000000000000000        29.460500686614488        0.0000000000000000        11233.411140378614        1.0000000000000000        0.0000000000000000        0.0000000000000000        0.0000000000000000     
   5.4799999999999276       0.33033166969606353        0.0000000000000000        2865.5820000307626        0.0000000000000000       -1.1619220307216966E-302   0.0000000000000000        29.463804003311449        0.0000000000000000        11262.065349939150        1.0000000000000000        0.0000000000000000        0.0000000000000000        0.0000000000000000     
   5.4899999999999274       0.33033166969606353        0.0000000000000000        2865.9040887229444        0.0000000000000000       -1.1619220307216966E-302   0.0000000000000000        29.467107320008409        0.0000000000000000        11290.722780382181        1.0000000000000000        0.0000000000000000        0.0000000000000000        0.0000000000000000     
   5.4999999999999272       0.33033166969606353        0.0000000000000000        2866.2261783008157        0.0000000000000000       -1.1619220307216966E-302   0.0000000000000000        29.470410636705370        0.0000000000000000        11319.383431716562        1.0000000000000000        0.0000000000000000        0.0000000000000000        0.0000000000000000     
   5.5099999999999270       0.33033166969606353        0.0000000000000000        2866.5482687644803        0.0000000000000000       -1.1619220307216966E-302   0.0000000000000000        29.473713953402331        0.0000000000000000        11348.047303951151        1.0000000000000000        0.0000000000000000        0.0000000000000000        0.0000000000000000     
   5.5199999999999267       0.33033166969606353        0.0000000000000000        2866.8703601140410        0.0000000000000000       -1.1619220307216966E-302   0.0000000000000000        29.477017270099292        0.0000000000000000        11376.714397094805        1.0000000000000000        0.0000000000000000        0.0000000000000000        0.0000000000000000     
   5.5299999999999265       0.33033166969606353        0.0000000000000000        2867.1924523496009        0.0000000000000000       -1.1619220307216966E-302   0.0000000000000000        29.480320586796253        0.0000000000000000        11405.384711156385        1.0000000000000000        0.0000000000000000        0.0000000000000000        0.0000000000000000     
   5.5399999999999263       0.33033166969606353        0.0000000000000000        2867.5145454712633        0.0000000000000000       -1.1619220307216966E-302   0.0000000000000000        29.483623903493214        0.0000000000000000        11434.058246144750        1.0000000000000000        0.0000000000000000        0.0000000000000000        0.0000000000000000     
   5.5499999999999261       0.33033166969606353        0.0000000000000000        2867.8366394791319        0.0000000000000000       -1.1619220307216966E-302   0.0000000000000000        29.486927220190175        0.0000000000000000        11462.735002068765        1.0000000000000000        0.0000000000000000        0.0000000000000000        0.0000000000000000     
   5.5599999999999259       0.33033166969606353        0.0000000000000000        2868.1587343733095        0.0000000000000000       -1.1619220307216966E-302   0.0000000000000000        29.490230536887136        0.0000000000000000        11491.414978937288        1.0000000000000000        0.0000000000000000        0.0000000000000000        0.0000000000000000     
   5.5699999999999257       0.33033166969606353        0.0000000000000000        2868.4808301538992        0.0000000000000000       -1.1619220307216966E-302   0.0000000000000000        29.493533853584097        0.0000000000000000        11520.098176759186        1.0000000000000000        0.0000000000000000        0.0000000000000000        0.0000000000000000     
   5.5799999999999255       0.33033166969606353        0.0000000000000000        2868.8029268210043        0.0000000000000000       -1.1619220307216966E-302   0.0000000000000000        29.496837170281058        0.0000000000000000        11548.784595543322        1.0000000000000000        0.0000000000000000        0.0000000000000000        0.0000000000000000     
   5.5899999999999253       0.33033166969606353        0.0000000000000000        2869.1250243747277        0.0000000000000000       -1.1619220307216966E-302   0.0000000000000000        29.500140486978019        0.0000000000000000        11577.474235298561        1.0000000000000000        0.0000000000000000        0.0000000000000000        0.0000000000000000     
   5.5999999999999250       0.33033166969606353        0.0000000000000000        2869.4471228151729        0.0000000000000000       -1.1619220307216966E-302   0.0000000000000000        29.503443803674980        0.0000000000000000        11606.167096033772        1.0000000000000000        0.0000000000000000        0.0000000000000000        0.0000000000000000     
   5.6099999999999248       0.33033166969606353        0.0000000000000000        2869.7692221424431        0.0000000000000000       -1.1619220307216966E-302   0.0000000000000000        29.506747120371941        0.0000000000000000        11634.863177757821        1.0000000000000000        0.0000000000000000        0.0000000000000000        0.0000000000000000     
   5.6199999999999246       0.33033166969606353        0.0000000000000000        2870.0913223566417        0.0000000000000000       -1.1619220307216966E-302   0.0000000000000000        29.510050437068902        0.0000000000000000        11663.562480479577        1.0000000000000000        0.0000000000000000        0.0000000000000000        0.0000000000000000     
   5.6299999999999244       0.33033166969606353        0.0000000000000000        2870.4134234578719        0.0000000000000000       -1.1619220307216966E-302   0.0000000000000000        29.513353753765863        0.0000000000000000        11692.265004207911        1.0000000000000000        0.0000000000000000        0.0000000000000000        0.0000000000000000     
   5.6399999999999242       0.33033166969606353        0.0000000000000000        2870.7355254462364        0.0000000000000000       -1.1619220307216966E-302   0.0000000000000000        29.516657070462823        0.0000000000000000        11720.970748951693        1.0000000000000000        0.0000000000000000        0.0000000000000000        0.0000000000000000     
   5.6499999999999240       0.33033166969606353        0.0000000000000000        2871.0576283218388        0.0000000000000000       -1.1619220307216966E-302   0.0000000000000000        29.519960387159784        0.0000000000000000        11749.679714719794        1.0000000000000000        0.0000000000000000        0.0000000000000000        0.0000000000000000     
   5.6599999999999238       0.33033166969606353        0.0000000000000000        2871.3797320847825        0.0000000000000000       -1.1619220307216966E-302   0.0000000000000000        29.523263703856745        0.0000000000000000        11778.391901521087        1.0000000000000000        0.0000000000000000        0.0000000000000000        0.0000000000000000     
   5.6699999999999235       0.33033166969606353        0.0000000000000000        2871.7018367351702        0.0000000000000000       -1.1619220307216966E-302   0.0000000000000000        29.526567020553706        0.0000000000000000        11807.107309364446        1.0000000000000000        0.0000000000000000        0.0000000000000000        0.0000000000000000     
   5.6799999999999233       0.33033166969606353        0.0000000000000000        2872.0239422731056        0.0000000000000000       -1.1619220307216966E-302   0.0000000000000000        29.529870337250667        0.0000000000000000        11835.825938258748        1.0000000000000000        0.0000000000000000        0.0000000000000000        0.0000000000000000     
   5.6899999999999231       0.33033166969606353        0.0000000000000000        2872.3460486986919        0.0000000000000000       -1.1619220307216966E-302   0.0000000000000000        29.533173653947628        0.0000000000000000        11864.547788212867        1.0000000000000000        0.0000000000000000        0.0000000000000000        0.0000000000000000     
   5.6999999999999229       0.33033166969606353        0.0000000000000000        2872.6681560120319        0.0000000000000000       -1.1619220307216966E-302   0.0000000000000000        29.536476970644589        0.0000000000000000        11893.272859235682        1.0000000000000000        0.0000000000000000        0.0000000000000000        0.0000000000000000     
   5.7099999999999227       0.33033166969606353        0.0000000000000000        2872.9902642132292        0.0000000000000000       -1.1619220307216966E-302   0.0000000000000000        29.539780287341550        0.0000000000000000        11922.001151336068        1.0000000000000000        0.0000000000000000        0.0000000000000000        0.0000000000000000     
   5.7199999999999225       0.33033166969606353        0.0000000000000000        2873.3123733023867        0.0000000000000000       -1.1619220307216966E-302   0.0000000000000000        29.543083604038511        0.0000000000000000        11950.732664522906        1.0000000000000000        0.0000000000000000        0.0000000000000000        0.0000000000000000     
   5.7299999999999223       0.33033166969606353        0.0000000000000000        2873.6344832796080        0.0000000000000000       -1.1619220307216966E-302   0.0000000000000000        29.546386920735472        0.0000000000000000        11979.467398805076        1.0000000000000000        0.0000000000000000        0.0000000000000000        0.0000000000000000     
   5.7399999999999221       0.33033166969606353        0.0000000000000000        2873.9565941449964        0.0000000000000000       -1.1619220307216966E-302   0.0000000000000000        29.549690237432433        0.0000000000000000        12008.205354191459        1.0000000000000000        0.0000000000000000        0.0000000000000000        0.0000000000000000     
   5.7499999999999218       0.33033166969606353        0.0000000000000000        2874.2787058986546        0.0000000000000000       -1.1619220307216966E-302   0.0000000000000000        29.552993554129394        0.0000000000000000        12036.946530690937        1.0000000000000000        0.0000000000000000        0.0000000000000000        0.0000000000000000     
   5.7599999999999216       0.33033166969606353        0.0000000000000000        2874.6008185406863        0.0000000000000000       -1.1619220307216966E-302   0.0000000000000000        29.556296870826355        0.0000000000000000        12065.690928312393        1.0000000000000000        0.0000000000000000        0.0000000000000000        0.0000000000000000     
   5.7699999999999214       0.33033166969606353        0.0000000000000000        2874.9229320711943        0.0000000000000000       -1.1619220307216966E-302   0.0000000000000000        29.559600187523316        0.0000000000000000        12094.438547064712        1.0000000000000000        0.0000000000000000        0.0000000000000000        0.0000000000000000     
   5.7799999999999212       0.33033166969606353        0.0000000000000000        2875.2450464902822        0.0000000000000000       -1.1619220307216966E-302   0.0000000000000000        29.562903504220277        0.0000000000000000        12123.189386956779        1.0000000000000000        0.0000000000000000        0.0000000000000000        0.0000000000000000     
   5.7899999999999210       0.33033166969606353        0.0000000000000000        2875.5671617980533        0.0000000000000000       -1.1619220307216966E-302   0.0000000000000000        29.566206820917238        0.0000000000000000        12151.943447997481        1.0000000000000000        0.0000000000000000        0.0000000000000000        0.0000000000000000     
   5.7999999999999208       0.33033166969606353        0.0000000000000000        2875.8892779946104        0.0000000000000000       -1.1619220307216966E-302   0.0000000000000000        29.569510137614198        0.0000000000000000        12180.700730195704        1.0000000000000000        0.0000000000000000        0.0000000000000000        0.0000000000000000     
   5.8099999999999206       0.33033166969606353        0.0000000000000000        2876.2113950800572        0.0000000000000000       -1.1619220307216966E-302   0.0000000000000000        29.572813454311159        0.0000000000000000        12209.461233560336        1.0000000000000000        0.0000000000000000        0.0000000000000000        0.0000000000000000     
   5.8199999999999203       0.33033166969606353        0.0000000000000000        2876.5335130544968        0.0000000000000000       -1.1619220307216966E-302   0.0000000000000000        29.576116771008120        0.0000000000000000        12238.224958100269        1.0000000000000000        0.0000000000000000        0.0000000000000000        0.0000000000000000     
   5.8299999999999201       0.33033166969606353        0.0000000000000000        2876.8556319180325        0.0000000000000000       -1.1619220307216966E-302   0.0000000000000000        29.579420087705081        0.0000000000000000        12266.991903824390        1.0000000000000000        0.0000000000000000        0.0000000000000000        0.0000000000000000     
   5.8399999999999199       0.33033166969606353        0.0000000000000000        2877.1777516707671        0.0000000000000000       -1.1619220307216966E-302   0.0000000000000000        29.582723404402042        0.0000000000000000        12295.762070741594        1.0000000000000000        0.0000000000000000        0.0000000000000000        0.0000000000000000     
   5.8499999999999197       0.33033166969606353        0.0000000000000000        2877.4998723128042        0.0000000000000000       -1.1619220307216966E-302   0.0000000000000000        29.586026721099003        0.0000000000000000        12324.535458860770        1.0000000000000000        0.0000000000000000        0.0000000000000000        0.0000000000000000     
   5.8599999999999195       0.33033166969606353        0.0000000000000000        2877.8219938442471        0.0000000000000000       -1.1619220307216966E-302   0.0000000000000000        29.589330037795964        0.0000000000000000        12353.312068190813        1.0000000000000000        0.0000000000000000        0.0000000000000000        0.0000000000000000     
   5.8699999999999193       0.33033166969606353        0.0000000000000000        2878.1441162651990        0.0000000000000000       -1.1619220307216966E-302   0.0000000000000000        29.592633354492925        0.0000000000000000        12382.091898740618        1.0000000000000000        0.0000000000000000        0.0000000000000000        0.0000000000000000     
   5.8799999999999191       0.33033166969606353        0.0000000000000000        2878.4662395757632        0.0000000000000000       -1.1619220307216966E-302   0.0000000000000000        29.595936671189886        0.0000000000000000        12410.874950519083        1.0000000000000000        0.0000000000000000        0.0000000000000000        0.0000000000000000     
   5.8899999999999189       0.33033166969606353        0.0000000000000000        2878.7883637760428        0.0000000000000000       -1.1619220307216966E-302   0.0000000000000000        29.599239987886847        0.0000000000000000        12439.661223535100        1.0000000000000000        0.0000000000000000        0.0000000000000000        0.0000000000000000     
   5.8999999999999186       0.33033166969606353        0.0000000000000000        2879.1104888661412        0.0000000000000000       -1.1619220307216966E-302   0.0000000000000000        29.602543304583808        0.0000000000000000        12468.450717797570        1.0000000000000000        0.0000000000000000        0.0000000000000000        0.0000000000000000     
   5.9099999999999184       0.33033166969606353        0.0000000000000000        2879.4326148461614        0.0000000000000000       -1.1619220307216966E-302   0.0000000000000000        29.605846621280769        0.0000000000000000        12497.243433315391        1.0000000000000000        0.0000000000000000        0.0000000000000000        0.0000000000000000     
   5.9199999999999182       0.33033166969606353        0.0000000000000000        2879.7547417162073        0.0000000000000000       -1.1619220307216966E-302   0.0000000000000000        29.609149937977730        0.0000000000000000        12526.039370097460        1.0000000000000000        0.0000000000000000        0.0000000000000000        0.0000000000000000     
   5.9299999999999180       0.33033166969606353        0.0000000000000000        2880.0768694763815        0.0000000000000000       -1.1619220307216966E-302   0.0000000000000000        29.612453254674691        0.0000000000000000        12554.838528152681        1.0000000000000000        0.0000000000000000        0.0000000000000000        0.0000000000000000     
   5.9399999999999178       0.33033166969606353        0.0000000000000000        2880.3989981267873        0.0000000000000000       -1.1619220307216966E-302   0.0000000000000000        29.615756571371652        0.0000000000000000        12583.640907489955        1.0000000000000000        0.0000000000000000        0.0000000000000000        0.0000000000000000     
   5.9499999999999176       0.33033166969606353        0.0000000000000000        2880.7211276675284        0.0000000000000000       -1.1619220307216966E-302   0.0000000000000000        29.619059888068612        0.0000000000000000        12612.446508118184        1.0000000000000000        0.0000000000000000        0.0000000000000000        0.0000000000000000     
   5.9599999999999174       0.33033166969606353        0.0000000000000000        2881.0432580987076        0.0000000000000000       -1.1619220307216966E-302   0.0000000000000000        29.622363204765573        0.0000000000000000        12641.255330046273        1.0000000000000000        0.0000000000000000        0.0000000000000000        0.0000000000000000     
   5.9699999999999172       0.33033166969606353        0.0000000000000000        2881.3653894204285        0.0000000000000000       -1.1619220307216966E-302   0.0000000000000000        29.625666521462534        0.0000000000000000        12670.067373283127        1.0000000000000000        0.0000000000000000        0.0000000000000000        0.0000000000000000     
   5.9799999999999169       0.33033166969606353        0.0000000000000000        2881.6875216327940        0.0000000000000000       -1.1619220307216966E-302   0.0000000000000000        29.628969838159495        0.0000000000000000        12698.882637837651        1.0000000000000000        0.0000000000000000        0.0000000000000000        0.0000000000000000     
   5.9899999999999167       0.33033166969606353        0.0000000000000000        2882.0096547359076        0.0000000000000000       -1.1619220307216966E-302   0.0000000000000000        29.632273154856456        0.0000000000000000        12727.701123718753        1.0000000000000000        0.0000000000000000        0.0000000000000000        0.0000000000000000     
   5.9999999999999165       0.33033166969606353        0.0000000000000000        2882.3317887298726        0.0000000000000000       -1.1619220307216966E-302   0.0000000000000000        29.635576471553417        0.0000000000000000        12756.522830935339        1.0000000000000000        0.0000000000000000        0.0000000000000000        0.0000000000000000     
   6.0099999999999163       0.33033166969606353        0.0000000000000000        2882.6539236147923        0.0000000000000000       -1.1619220307216966E-302   0.0000000000000000        29.638879788250378        0.0000000000000000        12785.347759496319        1.0000000000000000        0.0000000000000000        0.0000000000000000        0.0000000000000000     
   6.0199999999999161       0.33033166969606353        0.0000000000000000        2882.9760593907699        0.0000000000000000       -1.1619220307216966E-302   0.0000000000000000        29.642183104947339        0.0000000000000000        12814.175909410604        1.0000000000000000        0.0000000000000000        0.0000000000000000        0.0000000000000000     
   6.0299999999999159       0.33033166969606353        0.0000000000000000        2883.2981960579086        0.0000000000000000       -1.1619220307216966E-302   0.0000000000000000        29.645486421644300        0.0000000000000000        12843.007280687105        1.0000000000000000        0.0000000000000000        0.0000000000000000        0.0000000000000000     
   6.0399999999999157       0.33033166969606353        0.0000000000000000        2883.6203336163117        0.0000000000000000       -1.1619220307216966E-302   0.0000000000000000        29.648789738341261        0.0000000000000000        12871.841873334733        1.0000000000000000        0.0000000000000000        0.0000000000000000        0.0000000000000000     
   6.0499999999999154       0.33033166969606353        0.0000000000000000        2883.9424720660827        0.0000000000000000       -1.1619220307216966E-302   0.0000000000000000        29.652093055038222        0.0000000000000000        12900.679687362403        1.0000000000000000        0.0000000000000000        0.0000000000000000        0.0000000000000000     
   6.0599999999999152       0.33033166969606353        0.0000000000000000        2884.2646114073245        0.0000000000000000       -1.1619220307216966E-302   0.0000000000000000        29.655396371735183        0.0000000000000000        12929.520722779027        1.0000000000000000        0.0000000000000000        0.0000000000000000        0.0000000000000000     
   6.0699999999999150       0.33033166969606353        0.0000000000000000        2884.5867516401408        0.0000000000000000       -1.1619220307216966E-302   0.0000000000000000        29.658699688432144        0.0000000000000000        12958.364979593522        1.0000000000000000        0.0000000000000000        0.0000000000000000        0.0000000000000000     
   6.0799999999999148       0.33033166969606353        0.0000000000000000        2884.9088927646344        0.0000000000000000       -1.1619220307216966E-302   0.0000000000000000        29.662003005129105        0.0000000000000000        12987.212457814803        1.0000000000000000        0.0000000000000000        0.0000000000000000        0.0000000000000000     
   6.0899999999999146       0.33033166969606353        0.0000000000000000        2885.2310347809089        0.0000000000000000       -1.1619220307216966E-302   0.0000000000000000        29.665306321826066        0.0000000000000000        13016.063157451788        1.0000000000000000        0.0000000000000000        0.0000000000000000        0.0000000000000000     
   6.0999999999999144       0.33033166969606353        0.0000000000000000        2885.5531776890675        0.0000000000000000       -1.1619220307216966E-302   0.0000000000000000        29.668609638523026        0.0000000000000000        13044.917078513396        1.0000000000000000        0.0000000000000000        0.0000000000000000        0.0000000000000000     
   6.1099999999999142       0.33033166969606353        0.0000000000000000        2885.8753214892135        0.0000000000000000       -1.1619220307216966E-302   0.0000000000000000        29.671912955219987        0.0000000000000000        13073.774221008543        1.0000000000000000        0.0000000000000000        0.0000000000000000        0.0000000000000000     
   6.1199999999999140       0.33033166969606353        0.0000000000000000        2886.1974661814502        0.0000000000000000       -1.1619220307216966E-302   0.0000000000000000        29.675216271916948        0.0000000000000000        13102.634584946154        1.0000000000000000        0.0000000000000000        0.0000000000000000        0.0000000000000000     
   6.1299999999999137       0.33033166969606353        0.0000000000000000        2886.5196117658811        0.0000000000000000       -1.1619220307216966E-302   0.0000000000000000        29.678519588613909        0.0000000000000000        13131.498170335148        1.0000000000000000        0.0000000000000000        0.0000000000000000        0.0000000000000000     
   6.1399999999999135       0.33033166969606353        0.0000000000000000        2886.8417582426091        0.0000000000000000       -1.1619220307216966E-302   0.0000000000000000        29.681822905310870        0.0000000000000000        13160.364977184447        1.0000000000000000        0.0000000000000000        0.0000000000000000        0.0000000000000000     
   6.1499999999999133       0.33033166969606353        0.0000000000000000        2887.1639056117378        0.0000000000000000       -1.1619220307216966E-302   0.0000000000000000        29.685126222007831        0.0000000000000000        13189.235005502975        1.0000000000000000        0.0000000000000000        0.0000000000000000        0.0000000000000000     
   6.1599999999999131       0.33033166969606353        0.0000000000000000        2887.4860538733701        0.0000000000000000       -1.1619220307216966E-302   0.0000000000000000        29.688429538704792        0.0000000000000000        13218.108255299656        1.0000000000000000        0.0000000000000000        0.0000000000000000        0.0000000000000000     
   6.1699999999999129       0.33033166969606353        0.0000000000000000        2887.8082030276096        0.0000000000000000       -1.1619220307216966E-302   0.0000000000000000        29.691732855401753        0.0000000000000000        13246.984726583416        1.0000000000000000        0.0000000000000000        0.0000000000000000        0.0000000000000000     
   6.1799999999999127       0.33033166969606353        0.0000000000000000        2888.1303530745595        0.0000000000000000       -1.1619220307216966E-302   0.0000000000000000        29.695036172098714        0.0000000000000000        13275.864419363183        1.0000000000000000        0.0000000000000000        0.0000000000000000        0.0000000000000000     
   6.1899999999999125       0.33033166969606353        0.0000000000000000        2888.4525040143235        0.0000000000000000       -1.1619220307216966E-302   0.0000000000000000        29.698339488795675        0.0000000000000000        13304.747333647883        1.0000000000000000        0.0000000000000000        0.0000000000000000        0.0000000000000000     
   6.1999999999999122       0.33033166969606353        0.0000000000000000        2888.7746558470044        0.0000000000000000       -1.1619220307216966E-302   0.0000000000000000        29.701642805492636        0.0000000000000000        13333.633469446446        1.0000000000000000        0.0000000000000000        0.0000000000000000        0.0000000000000000     
   6.2099999999999120       0.33033166969606353        0.0000000000000000        2889.0968085727054        0.0000000000000000       -1.1619220307216966E-302   0.0000000000000000        29.704946122189597        0.0000000000000000        13362.522826767799        1.0000000000000000        0.0000000000000000        0.0000000000000000        0.0000000000000000     
   6.2199999999999118       0.33033166969606353        0.0000000000000000        2889.4189621915302        0.0000000000000000       -1.1619220307216966E-302   0.0000000000000000        29.708249438886558        0.0000000000000000        13391.415405620875        1.0000000000000000        0.0000000000000000        0.0000000000000000        0.0000000000000000     
   6.2299999999999116       0.33033166969606353        0.0000000000000000        2889.7411167035821        0.0000000000000000       -1.1619220307216966E-302   0.0000000000000000        29.711552755583519        0.0000000000000000        13420.311206014607        1.0000000000000000        0.0000000000000000        0.0000000000000000        0.0000000000000000     
   6.2399999999999114       0.33033166969606353        0.0000000000000000        2890.0632721089642        0.0000000000000000       -1.1619220307216966E-302   0.0000000000000000        29.714856072280480        0.0000000000000000        13449.210227957925        1.0000000000000000        0.0000000000000000        0.0000000000000000        0.0000000000000000     
   6.2499999999999112       0.33033166969606353        0.0000000000000000        2890.3854284077797        0.0000000000000000       -1.1619220307216966E-302   0.0000000000000000        29.718159388977440        0.0000000000000000        13478.112471459764        1.0000000000000000        0.0000000000000000        0.0000000000000000        0.0000000000000000     
   6.2599999999999110       0.33033166969606353        0.0000000000000000        2890.7075856001325        0.0000000000000000       -1.1619220307216966E-302   0.0000000000000000        29.721462705674401        0.0000000000000000        13507.017936529059        1.0000000000000000        0.0000000000000000        0.0000000000000000        0.0000000000000000     
   6.2699999999999108       0.33033166969606353        0.0000000000000000        2891.0297436861251        0.0000000000000000       -1.1619220307216966E-302   0.0000000000000000        29.724766022371362        0.0000000000000000        13535.926623174746        1.0000000000000000        0.0000000000000000        0.0000000000000000        0.0000000000000000     
   6.2799999999999105       0.33033166969606353        0.0000000000000000        2891.3519026658614        0.0000000000000000       -1.1619220307216966E-302   0.0000000000000000        29.728069339068323        0.0000000000000000        13564.838531405761        1.0000000000000000        0.0000000000000000        0.0000000000000000        0.0000000000000000     
   6.2899999999999103       0.33033166969606353        0.0000000000000000        2891.6740625394445        0.0000000000000000       -1.1619220307216966E-302   0.0000000000000000        29.731372655765284        0.0000000000000000        13593.753661231043        1.0000000000000000        0.0000000000000000        0.0000000000000000        0.0000000000000000     
   6.2999999999999101       0.33033166969606353        0.0000000000000000        2891.9962233069778        0.0000000000000000       -1.1619220307216966E-302   0.0000000000000000        29.734675972462245        0.0000000000000000        13622.672012659530        1.0000000000000000        0.0000000000000000        0.0000000000000000        0.0000000000000000     
   6.3099999999999099       0.33033166969606353        0.0000000000000000        2892.3183849685643        0.0000000000000000       -1.1619220307216966E-302   0.0000000000000000        29.737979289159206        0.0000000000000000        13651.593585700162        1.0000000000000000        0.0000000000000000        0.0000000000000000        0.0000000000000000     
   6.3199999999999097       0.33033166969606353        0.0000000000000000        2892.6405475243077        0.0000000000000000       -1.1619220307216966E-302   0.0000000000000000        29.741282605856167        0.0000000000000000        13680.518380361882        1.0000000000000000        0.0000000000000000        0.0000000000000000        0.0000000000000000     
   6.3299999999999095       0.33033166969606353        0.0000000000000000        2892.9627109743110        0.0000000000000000       -1.1619220307216966E-302   0.0000000000000000        29.744585922553128        0.0000000000000000        13709.446396653630        1.0000000000000000        0.0000000000000000        0.0000000000000000        0.0000000000000000     
   6.3399999999999093       0.33033166969606353        0.0000000000000000        2893.2848753186777        0.0000000000000000       -1.1619220307216966E-302   0.0000000000000000        29.747889239250089        0.0000000000000000        13738.377634584349        1.0000000000000000        0.0000000000000000        0.0000000000000000        0.0000000000000000     
   6.3499999999999091       0.33033166969606353        0.0000000000000000        2893.6070405575110        0.0000000000000000       -1.1619220307216966E-302   0.0000000000000000        29.751192555947050        0.0000000000000000        13767.312094162984        1.0000000000000000        0.0000000000000000        0.0000000000000000        0.0000000000000000     
   6.3599999999999088       0.33033166969606353        0.0000000000000000        2893.9292066909147        0.0000000000000000       -1.1619220307216966E-302   0.0000000000000000        29.754495872644011        0.0000000000000000        13796.249775398481        1.0000000000000000        0.0000000000000000        0.0000000000000000        0.0000000000000000     
   6.3699999999999086       0.33033166969606353        0.0000000000000000        2894.2513737189915        0.0000000000000000       -1.1619220307216966E-302   0.0000000000000000        29.757799189340972        0.0000000000000000        13825.190678299785        1.0000000000000000        0.0000000000000000        0.0000000000000000        0.0000000000000000     
   6.3799999999999084       0.33033166969606353        0.0000000000000000        2894.5735416418452        0.0000000000000000       -1.1619220307216966E-302   0.0000000000000000        29.761102506037933        0.0000000000000000        13854.134802875844        1.0000000000000000        0.0000000000000000        0.0000000000000000        0.0000000000000000     
   6.3899999999999082       0.33033166969606353        0.0000000000000000        2894.8957104595788        0.0000000000000000       -1.1619220307216966E-302   0.0000000000000000        29.764405822734894        0.0000000000000000        13883.082149135606        1.0000000000000000        0.0000000000000000        0.0000000000000000        0.0000000000000000     
   6.3999999999999080       0.33033166969606353        0.0000000000000000        2895.2178801722957        0.0000000000000000       -1.1619220307216966E-302   0.0000000000000000        29.767709139431854        0.0000000000000000        13912.032717088019        1.0000000000000000        0.0000000000000000        0.0000000000000000        0.0000000000000000     
   6.4099999999999078       0.33033166969606353        0.0000000000000000        2895.5400507800996        0.0000000000000000       -1.1619220307216966E-302   0.0000000000000000        29.771012456128815        0.0000000000000000        13940.986506742036        1.0000000000000000        0.0000000000000000        0.0000000000000000        0.0000000000000000     
   6.4199999999999076       0.33033166969606353        0.0000000000000000        2895.8622222830932        0.0000000000000000       -1.1619220307216966E-302   0.0000000000000000        29.774315772825776        0.0000000000000000        13969.943518106606        1.0000000000000000        0.0000000000000000        0.0000000000000000        0.0000000000000000     
   6.4299999999999073       0.33033166969606353        0.0000000000000000        2896.1843946813801        0.0000000000000000       -1.1619220307216966E-302   0.0000000000000000        29.777619089522737        0.0000000000000000        13998.903751190683        1.0000000000000000        0.0000000000000000        0.0000000000000000        0.0000000000000000     
   6.4399999999999071       0.33033166969606353        0.0000000000000000        2896.5065679750637        0.0000000000000000       -1.1619220307216966E-302   0.0000000000000000        29.780922406219698        0.0000000000000000        14027.867206003219        1.0000000000000000        0.0000000000000000        0.0000000000000000        0.0000000000000000     
   6.4499999999999069       0.33033166969606353        0.0000000000000000        2896.8287421642476        0.0000000000000000       -1.1619220307216966E-302   0.0000000000000000        29.784225722916659        0.0000000000000000        14056.833882553168        1.0000000000000000        0.0000000000000000        0.0000000000000000        0.0000000000000000     
   6.4599999999999067       0.33033166969606353        0.0000000000000000        2897.1509172490350        0.0000000000000000       -1.1619220307216966E-302   0.0000000000000000        29.787529039613620        0.0000000000000000        14085.803780849488        1.0000000000000000        0.0000000000000000        0.0000000000000000        0.0000000000000000     
   6.4699999999999065       0.33033166969606353        0.0000000000000000        2897.4730932295288        0.0000000000000000       -1.1619220307216966E-302   0.0000000000000000        29.790832356310581        0.0000000000000000        14114.776900901135        1.0000000000000000        0.0000000000000000        0.0000000000000000        0.0000000000000000     
   6.4799999999999063       0.33033166969606353        0.0000000000000000        2897.7952701058330        0.0000000000000000       -1.1619220307216966E-302   0.0000000000000000        29.794135673007542        0.0000000000000000        14143.753242717066        1.0000000000000000        0.0000000000000000        0.0000000000000000        0.0000000000000000     
   6.4899999999999061       0.33033166969606353        0.0000000000000000        2898.1174478780504        0.0000000000000000       -1.1619220307216966E-302   0.0000000000000000        29.797438989704503        0.0000000000000000        14172.732806306240        1.0000000000000000        0.0000000000000000        0.0000000000000000        0.0000000000000000     
   6.4999999999999059       0.33033166969606353        0.0000000000000000        2898.4396265462847        0.0000000000000000       -1.1619220307216966E-302   0.0000000000000000        29.800742306401464        0.0000000000000000        14201.715591677614        1.0000000000000000        0.0000000000000000        0.0000000000000000        0.0000000000000000     
   6.5099999999999056       0.33033166969606353        0.0000000000000000        2898.7618061106391        0.0000000000000000       -1.1619220307216966E-302   0.0000000000000000        29.804045623098425        0.0000000000000000        14230.701598840151        1.0000000000000000        0.0000000000000000        0.0000000000000000        0.0000000000000000     
   6.5199999999999054       0.33033166969606353        0.0000000000000000        2899.0839865712169        0.0000000000000000       -1.1619220307216966E-302   0.0000000000000000        29.807348939795386        0.0000000000000000        14259.690827802813        1.0000000000000000        0.0000000000000000        0.0000000000000000        0.0000000000000000     
   6.5299999999999052       0.33033166969606353        0.0000000000000000        2899.4061679281212        0.0000000000000000       -1.1619220307216966E-302   0.0000000000000000        29.810652256492347        0.0000000000000000        14288.683278574563        1.0000000000000000        0.0000000000000000        0.0000000000000000        0.0000000000000000     
   6.5399999999999050       0.33033166969606353        0.0000000000000000        2899.7283501814559        0.0000000000000000       -1.1619220307216966E-302   0.0000000000000000        29.813955573189308        0.0000000000000000        14317.678951164364        1.0000000000000000        0.0000000000000000        0.0000000000000000        0.0000000000000000     
   6.5499999999999048       0.33033166969606353        0.0000000000000000        2900.0505333313240        0.0000000000000000       -1.1619220307216966E-302   0.0000000000000000        29.817258889886268        0.0000000000000000        14346.677845581180        1.0000000000000000        0.0000000000000000        0.0000000000000000        0.0000000000000000     
   6.5599999999999046       0.33033166969606353        0.0000000000000000        2900.3727173778288        0.0000000000000000       -1.1619220307216966E-302   0.0000000000000000        29.820562206583229        0.0000000000000000        14375.679961833979        1.0000000000000000        0.0000000000000000        0.0000000000000000        0.0000000000000000     
   6.5699999999999044       0.33033166969606353        0.0000000000000000        2900.6949023210741        0.0000000000000000       -1.1619220307216966E-302   0.0000000000000000        29.823865523280190        0.0000000000000000        14404.685299931727        1.0000000000000000        0.0000000000000000        0.0000000000000000        0.0000000000000000     
   6.5799999999999041       0.33033166969606353        0.0000000000000000        2901.0170881611630        0.0000000000000000       -1.1619220307216966E-302   0.0000000000000000        29.827168839977151        0.0000000000000000        14433.693859883391        1.0000000000000000        0.0000000000000000        0.0000000000000000        0.0000000000000000     
   6.5899999999999039       0.33033166969606353        0.0000000000000000        2901.3392748981987        0.0000000000000000       -1.1619220307216966E-302   0.0000000000000000        29.830472156674112        0.0000000000000000        14462.705641697941        1.0000000000000000        0.0000000000000000        0.0000000000000000        0.0000000000000000     
   6.5999999999999037       0.33033166969606353        0.0000000000000000        2901.6614625322845        0.0000000000000000       -1.1619220307216966E-302   0.0000000000000000        29.833775473371073        0.0000000000000000        14491.720645384346        1.0000000000000000        0.0000000000000000        0.0000000000000000        0.0000000000000000     
   6.6099999999999035       0.33033166969606353        0.0000000000000000        2901.9836510635241        0.0000000000000000       -1.1619220307216966E-302   0.0000000000000000        29.837078790068034        0.0000000000000000        14520.738870951578        1.0000000000000000        0.0000000000000000        0.0000000000000000        0.0000000000000000     
   6.6199999999999033       0.33033166969606353        0.0000000000000000        2902.3058404920207        0.0000000000000000       -1.1619220307216966E-302   0.0000000000000000        29.840382106764995        0.0000000000000000        14549.760318408607        1.0000000000000000        0.0000000000000000        0.0000000000000000        0.0000000000000000     
   6.6299999999999031       0.33033166969606353        0.0000000000000000        2902.6280308178775        0.0000000000000000       -1.1619220307216966E-302   0.0000000000000000        29.843685423461956        0.0000000000000000        14578.784987764409        1.0000000000000000        0.0000000000000000        0.0000000000000000        0.0000000000000000     
   6.6399999999999029       0.33033166969606353        0.0000000000000000        2902.9502220411982        0.0000000000000000       -1.1619220307216966E-302   0.0000000000000000        29.846988740158917        0.0000000000000000        14607.812879027957        1.0000000000000000        0.0000000000000000        0.0000000000000000        0.0000000000000000     
   6.6499999999999027       0.33033166969606353        0.0000000000000000        2903.2724141620861        0.0000000000000000       -1.1619220307216966E-302   0.0000000000000000        29.850292056855878        0.0000000000000000        14636.843992208225        1.0000000000000000        0.0000000000000000        0.0000000000000000        0.0000000000000000     
   6.6599999999999024       0.33033166969606353        0.0000000000000000        2903.5946071806443        0.0000000000000000       -1.1619220307216966E-302   0.0000000000000000        29.853595373552839        0.0000000000000000        14665.878327314191        1.0000000000000000        0.0000000000000000        0.0000000000000000        0.0000000000000000     
   6.6699999999999022       0.33033166969606353        0.0000000000000000        2903.9168010969765        0.0000000000000000       -1.1619220307216966E-302   0.0000000000000000        29.856898690249800        0.0000000000000000        14694.915884354830        1.0000000000000000        0.0000000000000000        0.0000000000000000        0.0000000000000000     
   6.6799999999999020       0.33033166969606353        0.0000000000000000        2904.2389959111861        0.0000000000000000       -1.1619220307216966E-302   0.0000000000000000        29.860202006946761        0.0000000000000000        14723.956663339122        1.0000000000000000        0.0000000000000000        0.0000000000000000        0.0000000000000000     
   6.6899999999999018       0.33033166969606353        0.0000000000000000        2904.5611916233761        0.0000000000000000       -1.1619220307216966E-302   0.0000000000000000        29.863505323643722        0.0000000000000000        14753.000664276047        1.0000000000000000        0.0000000000000000        0.0000000000000000        0.0000000000000000     
   6.6999999999999016       0.33033166969606353        0.0000000000000000        2904.8833882336498        0.0000000000000000       -1.1619220307216966E-302   0.0000000000000000        29.866808640340683        0.0000000000000000        14782.047887174584        1.0000000000000000        0.0000000000000000        0.0000000000000000        0.0000000000000000     
   6.7099999999999014       0.33033166969606353        0.0000000000000000        2905.2055857421110        0.0000000000000000       -1.1619220307216966E-302   0.0000000000000000        29.870111957037643        0.0000000000000000        14811.098332043714        1.0000000000000000        0.0000000000000000        0.0000000000000000        0.0000000000000000     
   6.7199999999999012       0.33033166969606353        0.0000000000000000        2905.5277841488632        0.0000000000000000       -1.1619220307216966E-302   0.0000000000000000        29.873415273734604        0.0000000000000000        14840.151998892419        1.0000000000000000        0.0000000000000000        0.0000000000000000        0.0000000000000000     
   6.7299999999999010       0.33033166969606353        0.0000000000000000        2905.8499834540094        0.0000000000000000       -1.1619220307216966E-302   0.0000000000000000        29.876718590431565        0.0000000000000000        14869.208887729685        1.0000000000000000        0.0000000000000000        0.0000000000000000        0.0000000000000000     
   6.7399999999999007       0.33033166969606353        0.0000000000000000        2906.1721836576530        0.0000000000000000       -1.1619220307216966E-302   0.0000000000000000        29.880021907128526        0.0000000000000000        14898.268998564494        1.0000000000000000        0.0000000000000000        0.0000000000000000        0.0000000000000000     
   6.7499999999999005       0.33033166969606353        0.0000000000000000        2906.4943847598975        0.0000000000000000       -1.1619220307216966E-302   0.0000000000000000        29.883325223825487        0.0000000000000000        14927.332331405833        1.0000000000000000        0.0000000000000000        0.0000000000000000        0.0000000000000000     
   6.7599999999999003       0.33033166969606353        0.0000000000000000        2906.8165867608463        0.0000000000000000       -1.1619220307216966E-302   0.0000000000000000        29.886628540522448        0.0000000000000000        14956.398886262687        1.0000000000000000        0.0000000000000000        0.0000000000000000        0.0000000000000000     
   6.7699999999999001       0.33033166969606353        0.0000000000000000        2907.1387896606029        0.0000000000000000       -1.1619220307216966E-302   0.0000000000000000        29.889931857219409        0.0000000000000000        14985.468663144045        1.0000000000000000        0.0000000000000000        0.0000000000000000        0.0000000000000000     
   6.7799999999998999       0.33033166969606353        0.0000000000000000        2907.4609934592704        0.0000000000000000       -1.1619220307216966E-302   0.0000000000000000        29.893235173916370        0.0000000000000000        15014.541662058895        1.0000000000000000        0.0000000000000000        0.0000000000000000        0.0000000000000000     
   6.7899999999998997       0.33033166969606353        0.0000000000000000        2907.7831981569525        0.0000000000000000       -1.1619220307216966E-302   0.0000000000000000        29.896538490613331        0.0000000000000000        15043.617883016226        1.0000000000000000        0.0000000000000000        0.0000000000000000        0.0000000000000000     
   6.7999999999998995       0.33033166969606353        0.0000000000000000        2908.1054037537524        0.0000000000000000       -1.1619220307216966E-302   0.0000000000000000        29.899841807310292        0.0000000000000000        15072.697326025031        1.0000000000000000        0.0000000000000000        0.0000000000000000        0.0000000000000000     
   6.8099999999998992       0.33033166969606353        0.0000000000000000        2908.4276102497734        0.0000000000000000       -1.1619220307216966E-302   0.0000000000000000        29.903145124007253        0.0000000000000000        15101.779991094299        1.0000000000000000        0.0000000000000000        0.0000000000000000        0.0000000000000000     
   6.8199999999998990       0.33033166969606353        0.0000000000000000        2908.7498176451190        0.0000000000000000       -1.1619220307216966E-302   0.0000000000000000        29.906448440704214        0.0000000000000000        15130.865878233024        1.0000000000000000        0.0000000000000000        0.0000000000000000        0.0000000000000000     
   6.8299999999998988       0.33033166969606353        0.0000000000000000        2909.0720259398927        0.0000000000000000       -1.1619220307216966E-302   0.0000000000000000        29.909751757401175        0.0000000000000000        15159.954987450199        1.0000000000000000        0.0000000000000000        0.0000000000000000        0.0000000000000000     
   6.8399999999998986       0.33033166969606353        0.0000000000000000        2909.3942351341980        0.0000000000000000       -1.1619220307216966E-302   0.0000000000000000        29.913055074098136        0.0000000000000000        15189.047318754820        1.0000000000000000        0.0000000000000000        0.0000000000000000        0.0000000000000000     
   6.8499999999998984       0.33033166969606353        0.0000000000000000        2909.7164452281381        0.0000000000000000       -1.1619220307216966E-302   0.0000000000000000        29.916358390795097        0.0000000000000000        15218.142872155882        1.0000000000000000        0.0000000000000000        0.0000000000000000        0.0000000000000000     
   6.8599999999998982       0.33033166969606353        0.0000000000000000        2910.0386562218164        0.0000000000000000       -1.1619220307216966E-302   0.0000000000000000        29.919661707492057        0.0000000000000000        15247.241647662382        1.0000000000000000        0.0000000000000000        0.0000000000000000        0.0000000000000000     
   6.8699999999998980       0.33033166969606353        0.0000000000000000        2910.3608681153360        0.0000000000000000       -1.1619220307216966E-302   0.0000000000000000        29.922965024189018        0.0000000000000000        15276.343645283318        1.0000000000000000        0.0000000000000000        0.0000000000000000        0.0000000000000000     
   6.8799999999998978       0.33033166969606353        0.0000000000000000        2910.6830809088005        0.0000000000000000       -1.1619220307216966E-302   0.0000000000000000        29.926268340885979        0.0000000000000000        15305.448865027689        1.0000000000000000        0.0000000000000000        0.0000000000000000        0.0000000000000000     
   6.8899999999998975       0.33033166969606353        0.0000000000000000        2911.0052946023138        0.0000000000000000       -1.1619220307216966E-302   0.0000000000000000        29.929571657582940        0.0000000000000000        15334.557306904495        1.0000000000000000        0.0000000000000000        0.0000000000000000        0.0000000000000000     
   6.8999999999998973       0.33033166969606353        0.0000000000000000        2911.3275091959790        0.0000000000000000       -1.1619220307216966E-302   0.0000000000000000        29.932874974279901        0.0000000000000000        15363.668970922736        1.0000000000000000        0.0000000000000000        0.0000000000000000        0.0000000000000000     
   6.9099999999998971       0.33033166969606353        0.0000000000000000        2911.6497246898994        0.0000000000000000       -1.1619220307216966E-302   0.0000000000000000        29.936178290976862        0.0000000000000000        15392.783857091415        1.0000000000000000        0.0000000000000000        0.0000000000000000        0.0000000000000000     
   6.9199999999998969       0.33033166969606353        0.0000000000000000        2911.9719410841785        0.0000000000000000       -1.1619220307216966E-302   0.0000000000000000        29.939481607673823        0.0000000000000000        15421.901965419536        1.0000000000000000        0.0000000000000000        0.0000000000000000        0.0000000000000000     
   6.9299999999998967       0.33033166969606353        0.0000000000000000        2912.2941583789197        0.0000000000000000       -1.1619220307216966E-302   0.0000000000000000        29.942784924370784        0.0000000000000000        15451.023295916102        1.0000000000000000        0.0000000000000000        0.0000000000000000        0.0000000000000000     
   6.9399999999998965       0.33033166969606353        0.0000000000000000        2912.6163765742263        0.0000000000000000       -1.1619220307216966E-302   0.0000000000000000        29.946088241067745        0.0000000000000000        15480.147848590117        1.0000000000000000        0.0000000000000000        0.0000000000000000        0.0000000000000000     
   6.9499999999998963       0.33033166969606353        0.0000000000000000        2912.9385956702017        0.0000000000000000       -1.1619220307216966E-302   0.0000000000000000        29.949391557764706        0.0000000000000000        15509.275623450589        1.0000000000000000        0.0000000000000000        0.0000000000000000        0.0000000000000000     
   6.9599999999998960       0.33033166969606353        0.0000000000000000        2913.2608156669494        0.0000000000000000       -1.1619220307216966E-302   0.0000000000000000        29.952694874461667        0.0000000000000000        15538.406620506525        1.0000000000000000        0.0000000000000000        0.0000000000000000        0.0000000000000000     
   6.9699999999998958       0.33033166969606353        0.0000000000000000        2913.5830365645729        0.0000000000000000       -1.1619220307216966E-302   0.0000000000000000        29.955998191158628        0.0000000000000000        15567.540839766931        1.0000000000000000        0.0000000000000000        0.0000000000000000        0.0000000000000000     
   6.9799999999998956       0.33033166969606353        0.0000000000000000        2913.9052583631756        0.0000000000000000       -1.1619220307216966E-302   0.0000000000000000        29.959301507855589        0.0000000000000000        15596.678281240818        1.0000000000000000        0.0000000000000000        0.0000000000000000        0.0000000000000000     
   6.9899999999998954       0.33033166969606353        0.0000000000000000        2914.2274810628605        0.0000000000000000       -1.1619220307216966E-302   0.0000000000000000        29.962604824552550        0.0000000000000000        15625.818944937197        1.0000000000000000        0.0000000000000000        0.0000000000000000        0.0000000000000000     
   6.9999999999998952       0.33033166969606353        0.0000000000000000        2914.5497046637315        0.0000000000000000       -1.1619220307216966E-302   0.0000000000000000        29.965908141249511        0.0000000000000000        15654.962830865079        1.0000000000000000        0.0000000000000000        0.0000000000000000        0.0000000000000000     
   7.0099999999998950       0.33033166969606353        0.0000000000000000        2914.8719291658922        0.0000000000000000       -1.1619220307216966E-302   0.0000000000000000        29.969211457946471        0.0000000000000000        15684.109939033477        1.0000000000000000        0.0000000000000000        0.0000000000000000        0.0000000000000000     
   7.0199999999998948       0.33033166969606353        0.0000000000000000        2915.1941545694458        0.0000000000000000       -1.1619220307216966E-302   0.0000000000000000        29.972514774643432        0.0000000000000000        15713.260269451403        1.0000000000000000        0.0000000000000000        0.0000000000000000        0.0000000000000000     
   7.0299999999998946       0.33033166969606353        0.0000000000000000        2915.5163808744956        0.0000000000000000       -1.1619220307216966E-302   0.0000000000000000        29.975818091340393        0.0000000000000000        15742.413822127872        1.0000000000000000        0.0000000000000000        0.0000000000000000        0.0000000000000000     
   7.0399999999998943       0.33033166969606353        0.0000000000000000        2915.8386080811451        0.0000000000000000       -1.1619220307216966E-302   0.0000000000000000        29.979121408037354        0.0000000000000000        15771.570597071899        1.0000000000000000        0.0000000000000000        0.0000000000000000        0.0000000000000000     
   7.0499999999998941       0.33033166969606353        0.0000000000000000        2916.1608361894978        0.0000000000000000       -1.1619220307216966E-302   0.0000000000000000        29.982424724734315        0.0000000000000000        15800.730594292501        1.0000000000000000        0.0000000000000000        0.0000000000000000        0.0000000000000000     
   7.0599999999998939       0.33033166969606353        0.0000000000000000        2916.4830651996567        0.0000000000000000       -1.1619220307216966E-302   0.0000000000000000        29.985728041431276        0.0000000000000000        15829.893813798695        1.0000000000000000        0.0000000000000000        0.0000000000000000        0.0000000000000000     
   7.0699999999998937       0.33033166969606353        0.0000000000000000        2916.8052951117261        0.0000000000000000       -1.1619220307216966E-302   0.0000000000000000        29.989031358128237        0.0000000000000000        15859.060255599501        1.0000000000000000        0.0000000000000000        0.0000000000000000        0.0000000000000000     
   7.0799999999998935       0.33033166969606353        0.0000000000000000        2917.1275259258086        0.0000000000000000       -1.1619220307216966E-302   0.0000000000000000        29.992334674825198        0.0000000000000000        15888.229919703937        1.0000000000000000        0.0000000000000000        0.0000000000000000        0.0000000000000000     
   7.0899999999998933       0.33033166969606353        0.0000000000000000        2917.4497576420081        0.0000000000000000       -1.1619220307216966E-302   0.0000000000000000        29.995637991522159        0.0000000000000000        15917.402806121025        1.0000000000000000        0.0000000000000000        0.0000000000000000        0.0000000000000000     
   7.0999999999998931       0.33033166969606353        0.0000000000000000        2917.7719902604276        0.0000000000000000       -1.1619220307216966E-302   0.0000000000000000        29.998941308219120        0.0000000000000000        15946.578914859785        1.0000000000000000        0.0000000000000000        0.0000000000000000        0.0000000000000000     
   7.1099999999998929       0.33033166969606353        0.0000000000000000        2918.0942237811710        0.0000000000000000       -1.1619220307216966E-302   0.0000000000000000        30.002244624916081        0.0000000000000000        15975.758245929241        1.0000000000000000        0.0000000000000000        0.0000000000000000        0.0000000000000000     
   7.1199999999998926       0.33033166969606353        0.0000000000000000        2918.4164582043418        0.0000000000000000       -1.1619220307216966E-302   0.0000000000000000        30.005547941613042        0.0000000000000000        16004.940799338416        1.0000000000000000        0.0000000000000000        0.0000000000000000        0.0000000000000000     
   7.1299999999998924       0.33033166969606353        0.0000000000000000        2918.7386935300433        0.0000000000000000       -1.1619220307216966E-302   0.0000000000000000        30.008851258310003        0.0000000000000000        16034.126575096336        1.0000000000000000        0.0000000000000000        0.0000000000000000        0.0000000000000000     
   7.1399999999998922       0.33033166969606353        0.0000000000000000        2919.0609297583787        0.0000000000000000       -1.1619220307216966E-302   0.0000000000000000        30.012154575006964        0.0000000000000000        16063.315573212025        1.0000000000000000        0.0000000000000000        0.0000000000000000        0.0000000000000000     
   7.1499999999998920       0.33033166969606353        0.0000000000000000        2919.3831668894518        0.0000000000000000       -1.1619220307216966E-302   0.0000000000000000        30.015457891703925        0.0000000000000000        16092.507793694511        1.0000000000000000        0.0000000000000000        0.0000000000000000        0.0000000000000000     
   7.1599999999998918       0.33033166969606353        0.0000000000000000        2919.7054049233657        0.0000000000000000       -1.1619220307216966E-302   0.0000000000000000        30.018761208400885        0.0000000000000000        16121.703236552823        1.0000000000000000        0.0000000000000000        0.0000000000000000        0.0000000000000000     
   7.1699999999998916       0.33033166969606353        0.0000000000000000        2920.0276438602241        0.0000000000000000       -1.1619220307216966E-302   0.0000000000000000        30.022064525097846        0.0000000000000000        16150.901901795989        1.0000000000000000        0.0000000000000000        0.0000000000000000        0.0000000000000000     
   7.1799999999998914       0.33033166969606353        0.0000000000000000        2920.3498837001302        0.0000000000000000       -1.1619220307216966E-302   0.0000000000000000        30.025367841794807        0.0000000000000000        16180.103789433038        1.0000000000000000        0.0000000000000000        0.0000000000000000        0.0000000000000000     
   7.1899999999998911       0.33033166969606353        0.0000000000000000        2920.6721244431878        0.0000000000000000       -1.1619220307216966E-302   0.0000000000000000        30.028671158491768        0.0000000000000000        16209.308899473002        1.0000000000000000        0.0000000000000000        0.0000000000000000        0.0000000000000000     
   7.1999999999998909       0.33033166969606353        0.0000000000000000        2920.9943660895001        0.0000000000000000       -1.1619220307216966E-302   0.0000000000000000        30.031974475188729        0.0000000000000000        16238.517231924912        1.0000000000000000        0.0000000000000000        0.0000000000000000        0.0000000000000000     
   7.2099999999998907       0.33033166969606353        0.0000000000000000        2921.3166086391707        0.0000000000000000       -1.1619220307216966E-302   0.0000000000000000        30.035277791885690        0.0000000000000000        16267.728786797803        1.0000000000000000        0.0000000000000000        0.0000000000000000        0.0000000000000000     
   7.2199999999998905       0.33033166969606353        0.0000000000000000        2921.6388520923028        0.0000000000000000       -1.1619220307216966E-302   0.0000000000000000        30.038581108582651        0.0000000000000000        16296.943564100708        1.0000000000000000        0.0000000000000000        0.0000000000000000        0.0000000000000000     
   7.2299999999998903       0.33033166969606353        0.0000000000000000        2921.9610964490003        0.0000000000000000       -1.1619220307216966E-302   0.0000000000000000        30.041884425279612        0.0000000000000000        16326.161563842661        1.0000000000000000        0.0000000000000000        0.0000000000000000        0.0000000000000000     
   7.2399999999998901       0.33033166969606353        0.0000000000000000        2922.2833417093661        0.0000000000000000       -1.1619220307216966E-302   0.0000000000000000        30.045187741976573        0.0000000000000000        16355.382786032700        1.0000000000000000        0.0000000000000000        0.0000000000000000        0.0000000000000000     
   7.2499999999998899       0.33033166969606353        0.0000000000000000        2922.6055878735042        0.0000000000000000       -1.1619220307216966E-302   0.0000000000000000        30.048491058673534        0.0000000000000000        16384.607230679860        1.0000000000000000        0.0000000000000000        0.0000000000000000        0.0000000000000000     
   7.2599999999998897       0.33033166969606353        0.0000000000000000        2922.9278349415181        0.0000000000000000       -1.1619220307216966E-302   0.0000000000000000        30.051794375370495        0.0000000000000000        16413.834897793182        1.0000000000000000        0.0000000000000000        0.0000000000000000        0.0000000000000000     
   7.2699999999998894       0.33033166969606353        0.0000000000000000        2923.2500829135106        0.0000000000000000       -1.1619220307216966E-302   0.0000000000000000        30.055097692067456        0.0000000000000000        16443.065787381704        1.0000000000000000        0.0000000000000000        0.0000000000000000        0.0000000000000000     
   7.2799999999998892       0.33033166969606353        0.0000000000000000        2923.5723317895859        0.0000000000000000       -1.1619220307216966E-302   0.0000000000000000        30.058401008764417        0.0000000000000000        16472.299899454465        1.0000000000000000        0.0000000000000000        0.0000000000000000        0.0000000000000000     
   7.2899999999998890       0.33033166969606353        0.0000000000000000        2923.8945815698471        0.0000000000000000       -1.1619220307216966E-302   0.0000000000000000        30.061704325461378        0.0000000000000000        16501.537234020510        1.0000000000000000        0.0000000000000000        0.0000000000000000        0.0000000000000000     
   7.2999999999998888       0.33033166969606353        0.0000000000000000        2924.2168322543976        0.0000000000000000       -1.1619220307216966E-302   0.0000000000000000        30.065007642158339        0.0000000000000000        16530.777791088876        1.0000000000000000        0.0000000000000000        0.0000000000000000        0.0000000000000000     
   7.3099999999998886       0.33033166969606353        0.0000000000000000        2924.5390838433409        0.0000000000000000       -1.1619220307216966E-302   0.0000000000000000        30.068310958855299        0.0000000000000000        16560.021570668610        1.0000000000000000        0.0000000000000000        0.0000000000000000        0.0000000000000000     
   7.3199999999998884       0.33033166969606353        0.0000000000000000        2924.8613363367808        0.0000000000000000       -1.1619220307216966E-302   0.0000000000000000        30.071614275552260        0.0000000000000000        16589.268572768757        1.0000000000000000        0.0000000000000000        0.0000000000000000        0.0000000000000000     
   7.3299999999998882       0.33033166969606353        0.0000000000000000        2925.1835897348205        0.0000000000000000       -1.1619220307216966E-302   0.0000000000000000        30.074917592249221        0.0000000000000000        16618.518797398359        1.0000000000000000        0.0000000000000000        0.0000000000000000        0.0000000000000000     
   7.3399999999998879       0.33033166969606353        0.0000000000000000        2925.5058440375633        0.0000000000000000       -1.1619220307216966E-302   0.0000000000000000        30.078220908946182        0.0000000000000000        16647.772244566466        1.0000000000000000        0.0000000000000000        0.0000000000000000        0.0000000000000000     
   7.3499999999998877       0.33033166969606353        0.0000000000000000        2925.8280992451132        0.0000000000000000       -1.1619220307216966E-302   0.0000000000000000        30.081524225643143        0.0000000000000000        16677.028914282124        1.0000000000000000        0.0000000000000000        0.0000000000000000        0.0000000000000000     
   7.3599999999998875       0.33033166969606353        0.0000000000000000        2926.1503553575731        0.0000000000000000       -1.1619220307216966E-302   0.0000000000000000        30.084827542340104        0.0000000000000000        16706.288806554385        1.0000000000000000        0.0000000000000000        0.0000000000000000        0.0000000000000000     
   7.3699999999998873       0.33033166969606353        0.0000000000000000        2926.4726123750470        0.0000000000000000       -1.1619220307216966E-302   0.0000000000000000        30.088130859037065        0.0000000000000000        16735.551921392293        1.0000000000000000        0.0000000000000000        0.0000000000000000        0.0000000000000000     
   7.3799999999998871       0.33033166969606353        0.0000000000000000        2926.7948702976378        0.0000000000000000       -1.1619220307216966E-302   0.0000000000000000        30.091434175734026        0.0000000000000000        16764.818258804902        1.0000000000000000        0.0000000000000000        0.0000000000000000        0.0000000000000000     
   7.3899999999998869       0.33033166969606353        0.0000000000000000        2927.1171291254495        0.0000000000000000       -1.1619220307216966E-302   0.0000000000000000        30.094737492430987        0.0000000000000000        16794.087818801265        1.0000000000000000        0.0000000000000000        0.0000000000000000        0.0000000000000000     
   7.3999999999998867       0.33033166969606353        0.0000000000000000        2927.4393888585855        0.0000000000000000       -1.1619220307216966E-302   0.0000000000000000        30.098040809127948        0.0000000000000000        16823.360601390432        1.0000000000000000        0.0000000000000000        0.0000000000000000        0.0000000000000000     
   7.4099999999998865       0.33033166969606353        0.0000000000000000        2927.7616494971489        0.0000000000000000       -1.1619220307216966E-302   0.0000000000000000        30.101344125824909        0.0000000000000000        16852.636606581455        1.0000000000000000        0.0000000000000000        0.0000000000000000        0.0000000000000000     
   7.4199999999998862       0.33033166969606353        0.0000000000000000        2928.0839110412435        0.0000000000000000       -1.1619220307216966E-302   0.0000000000000000        30.104647442521870        0.0000000000000000        16881.915834383391        1.0000000000000000        0.0000000000000000        0.0000000000000000        0.0000000000000000     
   7.4299999999998860       0.33033166969606353        0.0000000000000000        2928.4061734909728        0.0000000000000000       -1.1619220307216966E-302   0.0000000000000000        30.107950759218831        0.0000000000000000        16911.198284805298        1.0000000000000000        0.0000000000000000        0.0000000000000000        0.0000000000000000     
   7.4399999999998858       0.33033166969606353        0.0000000000000000        2928.7284368464402        0.0000000000000000       -1.1619220307216966E-302   0.0000000000000000        30.111254075915792        0.0000000000000000        16940.483957856231        1.0000000000000000        0.0000000000000000        0.0000000000000000        0.0000000000000000     
   7.4499999999998856       0.33033166969606353        0.0000000000000000        2929.0507011077493        0.0000000000000000       -1.1619220307216966E-302   0.0000000000000000        30.114557392612753        0.0000000000000000        16969.772853545248        1.0000000000000000        0.0000000000000000        0.0000000000000000        0.0000000000000000     
   7.4599999999998854       0.33033166969606353        0.0000000000000000        2929.3729662750038        0.0000000000000000       -1.1619220307216966E-302   0.0000000000000000        30.117860709309713        0.0000000000000000        16999.064971881406        1.0000000000000000        0.0000000000000000        0.0000000000000000        0.0000000000000000     
   7.4699999999998852       0.33033166969606353        0.0000000000000000        2929.6952323483069        0.0000000000000000       -1.1619220307216966E-302   0.0000000000000000        30.121164026006674        0.0000000000000000        17028.360312873767        1.0000000000000000        0.0000000000000000        0.0000000000000000        0.0000000000000000     
   7.4799999999998850       0.33033166969606353        0.0000000000000000        2930.0174993277619        0.0000000000000000       -1.1619220307216966E-302   0.0000000000000000        30.124467342703635        0.0000000000000000        17057.658876531394        1.0000000000000000        0.0000000000000000        0.0000000000000000        0.0000000000000000     
   7.4899999999998847       0.33033166969606353        0.0000000000000000        2930.3397672134724        0.0000000000000000       -1.1619220307216966E-302   0.0000000000000000        30.127770659400596        0.0000000000000000        17086.960662863345        1.0000000000000000        0.0000000000000000        0.0000000000000000        0.0000000000000000     
   7.4999999999998845       0.33033166969606353        0.0000000000000000        2930.6620360055422        0.0000000000000000       -1.1619220307216966E-302   0.0000000000000000        30.131073976097557        0.0000000000000000        17116.265671878686        1.0000000000000000        0.0000000000000000        0.0000000000000000        0.0000000000000000     
   7.5099999999998843       0.33033166969606353        0.0000000000000000        2930.9843057040748        0.0000000000000000       -1.1619220307216966E-302   0.0000000000000000        30.134377292794518        0.0000000000000000        17145.573903586479        1.0000000000000000        0.0000000000000000        0.0000000000000000        0.0000000000000000     
   7.5199999999998841       0.33033166969606353        0.0000000000000000        2931.3065763091736        0.0000000000000000       -1.1619220307216966E-302   0.0000000000000000        30.137680609491479        0.0000000000000000        17174.885357995790        1.0000000000000000        0.0000000000000000        0.0000000000000000        0.0000000000000000     
   7.5299999999998839       0.33033166969606353        0.0000000000000000        2931.6288478209417        0.0000000000000000       -1.1619220307216966E-302   0.0000000000000000        30.140983926188440        0.0000000000000000        17204.200035115686        1.0000000000000000        0.0000000000000000        0.0000000000000000        0.0000000000000000     
   7.5399999999998837       0.33033166969606353        0.0000000000000000        2931.9511202394833        0.0000000000000000       -1.1619220307216966E-302   0.0000000000000000        30.144287242885401        0.0000000000000000        17233.517934955231        1.0000000000000000        0.0000000000000000        0.0000000000000000        0.0000000000000000     
   7.5499999999998835       0.33033166969606353        0.0000000000000000        2932.2733935649017        0.0000000000000000       -1.1619220307216966E-302   0.0000000000000000        30.147590559582362        0.0000000000000000        17262.839057523495        1.0000000000000000        0.0000000000000000        0.0000000000000000        0.0000000000000000     
   7.5599999999998833       0.33033166969606353        0.0000000000000000        2932.5956677972999        0.0000000000000000       -1.1619220307216966E-302   0.0000000000000000        30.150893876279323        0.0000000000000000        17292.163402829552        1.0000000000000000        0.0000000000000000        0.0000000000000000        0.0000000000000000     
   7.5699999999998830       0.33033166969606353        0.0000000000000000        2932.9179429367819        0.0000000000000000       -1.1619220307216966E-302   0.0000000000000000        30.154197192976284        0.0000000000000000        17321.490970882467        1.0000000000000000        0.0000000000000000        0.0000000000000000        0.0000000000000000     
   7.5799999999998828       0.33033166969606353        0.0000000000000000        2933.2402189834511        0.0000000000000000       -1.1619220307216966E-302   0.0000000000000000        30.157500509673245        0.0000000000000000        17350.821761691313        1.0000000000000000        0.0000000000000000        0.0000000000000000        0.0000000000000000     
   7.5899999999998826       0.33033166969606353        0.0000000000000000        2933.5624959374109        0.0000000000000000       -1.1619220307216966E-302   0.0000000000000000        30.160803826370206        0.0000000000000000        17380.155775265161        1.0000000000000000        0.0000000000000000        0.0000000000000000        0.0000000000000000     
   7.5999999999998824       0.33033166969606353        0.0000000000000000        2933.8847737987649        0.0000000000000000       -1.1619220307216966E-302   0.0000000000000000        30.164107143067167        0.0000000000000000        17409.493011613085        1.0000000000000000        0.0000000000000000        0.0000000000000000        0.0000000000000000     
   7.6099999999998822       0.33033166969606353        0.0000000000000000        2934.2070525676168        0.0000000000000000       -1.1619220307216966E-302   0.0000000000000000        30.167410459764127        0.0000000000000000        17438.833470744161        1.0000000000000000        0.0000000000000000        0.0000000000000000        0.0000000000000000     
   7.6199999999998820       0.33033166969606353        0.0000000000000000        2934.5293322440698        0.0000000000000000       -1.1619220307216966E-302   0.0000000000000000        30.170713776461088        0.0000000000000000        17468.177152667464        1.0000000000000000        0.0000000000000000        0.0000000000000000        0.0000000000000000     
   7.6299999999998818       0.33033166969606353        0.0000000000000000        2934.8516128282276        0.0000000000000000       -1.1619220307216966E-302   0.0000000000000000        30.174017093158049        0.0000000000000000        17497.524057392067        1.0000000000000000        0.0000000000000000        0.0000000000000000        0.0000000000000000     
   7.6399999999998816       0.33033166969606353        0.0000000000000000        2935.1738943201940        0.0000000000000000       -1.1619220307216966E-302   0.0000000000000000        30.177320409855010        0.0000000000000000        17526.874184927052        1.0000000000000000        0.0000000000000000        0.0000000000000000        0.0000000000000000     
   7.6499999999998813       0.33033166969606353        0.0000000000000000        2935.4961767200721        0.0000000000000000       -1.1619220307216966E-302   0.0000000000000000        30.180623726551971        0.0000000000000000        17556.227535281498        1.0000000000000000        0.0000000000000000        0.0000000000000000        0.0000000000000000     
   7.6599999999998811       0.33033166969606353        0.0000000000000000        2935.8184600279656        0.0000000000000000       -1.1619220307216966E-302   0.0000000000000000        30.183927043248932        0.0000000000000000        17585.584108464482        1.0000000000000000        0.0000000000000000        0.0000000000000000        0.0000000000000000     
   7.6699999999998809       0.33033166969606353        0.0000000000000000        2936.1407442439781        0.0000000000000000       -1.1619220307216966E-302   0.0000000000000000        30.187230359945893        0.0000000000000000        17614.943904485084        1.0000000000000000        0.0000000000000000        0.0000000000000000        0.0000000000000000     
   7.6799999999998807       0.33033166969606353        0.0000000000000000        2936.4630293682130        0.0000000000000000       -1.1619220307216966E-302   0.0000000000000000        30.190533676642854        0.0000000000000000        17644.306923352389        1.0000000000000000        0.0000000000000000        0.0000000000000000        0.0000000000000000     
   7.6899999999998805       0.33033166969606353        0.0000000000000000        2936.7853154007739        0.0000000000000000       -1.1619220307216966E-302   0.0000000000000000        30.193836993339815        0.0000000000000000        17673.673165075477        1.0000000000000000        0.0000000000000000        0.0000000000000000        0.0000000000000000     
   7.6999999999998803       0.33033166969606353        0.0000000000000000        2937.1076023417640        0.0000000000000000       -1.1619220307216966E-302   0.0000000000000000        30.197140310036776        0.0000000000000000        17703.042629663432        1.0000000000000000        0.0000000000000000        0.0000000000000000        0.0000000000000000     
   7.7099999999998801       0.33033166969606353        0.0000000000000000        2937.4298901912871        0.0000000000000000       -1.1619220307216966E-302   0.0000000000000000        30.200443626733737        0.0000000000000000        17732.415317125342        1.0000000000000000        0.0000000000000000        0.0000000000000000        0.0000000000000000     
   7.7199999999998798       0.33033166969606353        0.0000000000000000        2937.7521789494467        0.0000000000000000       -1.1619220307216966E-302   0.0000000000000000        30.203746943430698        0.0000000000000000        17761.791227470287        1.0000000000000000        0.0000000000000000        0.0000000000000000        0.0000000000000000     
   7.7299999999998796       0.33033166969606353        0.0000000000000000        2938.0744686163466        0.0000000000000000       -1.1619220307216966E-302   0.0000000000000000        30.207050260127659        0.0000000000000000        17791.170360707358        1.0000000000000000        0.0000000000000000        0.0000000000000000        0.0000000000000000     
   7.7399999999998794       0.33033166969606353        0.0000000000000000        2938.3967591920900        0.0000000000000000       -1.1619220307216966E-302   0.0000000000000000        30.210353576824620        0.0000000000000000        17820.552716845643        1.0000000000000000        0.0000000000000000        0.0000000000000000        0.0000000000000000     
   7.7499999999998792       0.33033166969606353        0.0000000000000000        2938.7190506767806        0.0000000000000000       -1.1619220307216966E-302   0.0000000000000000        30.213656893521581        0.0000000000000000        17849.938295894230        1.0000000000000000        0.0000000000000000        0.0000000000000000        0.0000000000000000     
   7.7599999999998790       0.33033166969606353        0.0000000000000000        2939.0413430705221        0.0000000000000000       -1.1619220307216966E-302   0.0000000000000000        30.216960210218542        0.0000000000000000        17879.327097862209        1.0000000000000000        0.0000000000000000        0.0000000000000000        0.0000000000000000     
   7.7699999999998788       0.33033166969606353        0.0000000000000000        2939.3636363734176        0.0000000000000000       -1.1619220307216966E-302   0.0000000000000000        30.220263526915502        0.0000000000000000        17908.719122758670        1.0000000000000000        0.0000000000000000        0.0000000000000000        0.0000000000000000     
   7.7799999999998786       0.33033166969606353        0.0000000000000000        2939.6859305855710        0.0000000000000000       -1.1619220307216966E-302   0.0000000000000000        30.223566843612463        0.0000000000000000        17938.114370592706        1.0000000000000000        0.0000000000000000        0.0000000000000000        0.0000000000000000     
   7.7899999999998784       0.33033166969606353        0.0000000000000000        2940.0082257070858        0.0000000000000000       -1.1619220307216966E-302   0.0000000000000000        30.226870160309424        0.0000000000000000        17967.512841373413        1.0000000000000000        0.0000000000000000        0.0000000000000000        0.0000000000000000     
   7.7999999999998781       0.33033166969606353        0.0000000000000000        2940.3305217380653        0.0000000000000000       -1.1619220307216966E-302   0.0000000000000000        30.230173477006385        0.0000000000000000        17996.914535109881        1.0000000000000000        0.0000000000000000        0.0000000000000000        0.0000000000000000     
   7.8099999999998779       0.33033166969606353        0.0000000000000000        2940.6528186786136        0.0000000000000000       -1.1619220307216966E-302   0.0000000000000000        30.233476793703346        0.0000000000000000        18026.319451811207        1.0000000000000000        0.0000000000000000        0.0000000000000000        0.0000000000000000     
   7.8199999999998777       0.33033166969606353        0.0000000000000000        2940.9751165288335        0.0000000000000000       -1.1619220307216966E-302   0.0000000000000000        30.236780110400307        0.0000000000000000        18055.727591486488        1.0000000000000000        0.0000000000000000        0.0000000000000000        0.0000000000000000     
   7.8299999999998775       0.33033166969606353        0.0000000000000000        2941.2974152888291        0.0000000000000000       -1.1619220307216966E-302   0.0000000000000000        30.240083427097268        0.0000000000000000        18085.138954144819        1.0000000000000000        0.0000000000000000        0.0000000000000000        0.0000000000000000     
   7.8399999999998773       0.33033166969606353        0.0000000000000000        2941.6197149587038        0.0000000000000000       -1.1619220307216966E-302   0.0000000000000000        30.243386743794229        0.0000000000000000        18114.553539795299        1.0000000000000000        0.0000000000000000        0.0000000000000000        0.0000000000000000     
   7.8499999999998771       0.33033166969606353        0.0000000000000000        2941.9420155385610        0.0000000000000000       -1.1619220307216966E-302   0.0000000000000000        30.246690060491190        0.0000000000000000        18143.971348447027        1.0000000000000000        0.0000000000000000        0.0000000000000000        0.0000000000000000     
   7.8599999999998769       0.33033166969606353        0.0000000000000000        2942.2643170285046        0.0000000000000000       -1.1619220307216966E-302   0.0000000000000000        30.249993377188151        0.0000000000000000        18173.392380109104        1.0000000000000000        0.0000000000000000        0.0000000000000000        0.0000000000000000     
   7.8699999999998766       0.33033166969606353        0.0000000000000000        2942.5866194286382        0.0000000000000000       -1.1619220307216966E-302   0.0000000000000000        30.253296693885112        0.0000000000000000        18202.816634790630        1.0000000000000000        0.0000000000000000        0.0000000000000000        0.0000000000000000     
   7.8799999999998764       0.33033166969606353        0.0000000000000000        2942.9089227390650        0.0000000000000000       -1.1619220307216966E-302   0.0000000000000000        30.256600010582073        0.0000000000000000        18232.244112500710        1.0000000000000000        0.0000000000000000        0.0000000000000000        0.0000000000000000     
   7.8899999999998762       0.33033166969606353        0.0000000000000000        2943.2312269598888        0.0000000000000000       -1.1619220307216966E-302   0.0000000000000000        30.259903327279034        0.0000000000000000        18261.674813248446        1.0000000000000000        0.0000000000000000        0.0000000000000000        0.0000000000000000     
   7.8999999999998760       0.33033166969606353        0.0000000000000000        2943.5535320912127        0.0000000000000000       -1.1619220307216966E-302   0.0000000000000000        30.263206643975995        0.0000000000000000        18291.108737042941        1.0000000000000000        0.0000000000000000        0.0000000000000000        0.0000000000000000     
   7.9099999999998758       0.33033166969606353        0.0000000000000000        2943.8758381331409        0.0000000000000000       -1.1619220307216966E-302   0.0000000000000000        30.266509960672956        0.0000000000000000        18320.545883893305        1.0000000000000000        0.0000000000000000        0.0000000000000000        0.0000000000000000     
   7.9199999999998756       0.33033166969606353        0.0000000000000000        2944.1981450857766        0.0000000000000000       -1.1619220307216966E-302   0.0000000000000000        30.269813277369916        0.0000000000000000        18349.986253808642        1.0000000000000000        0.0000000000000000        0.0000000000000000        0.0000000000000000     
   7.9299999999998754       0.33033166969606353        0.0000000000000000        2944.5204529492235        0.0000000000000000       -1.1619220307216966E-302   0.0000000000000000        30.273116594066877        0.0000000000000000        18379.429846798059        1.0000000000000000        0.0000000000000000        0.0000000000000000        0.0000000000000000     
   7.9399999999998752       0.33033166969606353        0.0000000000000000        2944.8427617235852        0.0000000000000000       -1.1619220307216966E-302   0.0000000000000000        30.276419910763838        0.0000000000000000        18408.876662870665        1.0000000000000000        0.0000000000000000        0.0000000000000000        0.0000000000000000     
   7.9499999999998749       0.33033166969606353        0.0000000000000000        2945.1650714089651        0.0000000000000000       -1.1619220307216966E-302   0.0000000000000000        30.279723227460799        0.0000000000000000        18438.326702035571        1.0000000000000000        0.0000000000000000        0.0000000000000000        0.0000000000000000     
   7.9599999999998747       0.33033166969606353        0.0000000000000000        2945.4873820054668        0.0000000000000000       -1.1619220307216966E-302   0.0000000000000000        30.283026544157760        0.0000000000000000        18467.779964301884        1.0000000000000000        0.0000000000000000        0.0000000000000000        0.0000000000000000     
   7.9699999999998745       0.33033166969606353        0.0000000000000000        2945.8096935131939        0.0000000000000000       -1.1619220307216966E-302   0.0000000000000000        30.286329860854721        0.0000000000000000        18497.236449678720        1.0000000000000000        0.0000000000000000        0.0000000000000000        0.0000000000000000     
   7.9799999999998743       0.33033166969606353        0.0000000000000000        2946.1320059322502        0.0000000000000000       -1.1619220307216966E-302   0.0000000000000000        30.289633177551682        0.0000000000000000        18526.696158175186        1.0000000000000000        0.0000000000000000        0.0000000000000000        0.0000000000000000     
   7.9899999999998741       0.33033166969606353        0.0000000000000000        2946.4543192627389        0.0000000000000000       -1.1619220307216966E-302   0.0000000000000000        30.292936494248643        0.0000000000000000        18556.159089800400        1.0000000000000000        0.0000000000000000        0.0000000000000000        0.0000000000000000     
   7.9999999999998739       0.33033166969606353        0.0000000000000000        2946.7766335047640        0.0000000000000000       -1.1619220307216966E-302   0.0000000000000000        30.296239810945604        0.0000000000000000        18585.625244563478        1.0000000000000000        0.0000000000000000        0.0000000000000000        0.0000000000000000     
   8.0099999999998737       0.33033166969606353        0.0000000000000000        2947.0989486584290        0.0000000000000000       -1.1619220307216966E-302   0.0000000000000000        30.299543127642565        0.0000000000000000        18615.094622473534        1.0000000000000000        0.0000000000000000        0.0000000000000000        0.0000000000000000     
   8.0199999999998735       0.33033166969606353        0.0000000000000000        2947.4212647238373        0.0000000000000000       -1.1619220307216966E-302   0.0000000000000000        30.302846444339526        0.0000000000000000        18644.567223539685        1.0000000000000000        0.0000000000000000        0.0000000000000000        0.0000000000000000     
   8.0299999999998732       0.33033166969606353        0.0000000000000000        2947.7435817010924        0.0000000000000000       -1.1619220307216966E-302   0.0000000000000000        30.306149761036487        0.0000000000000000        18674.043047771051        1.0000000000000000        0.0000000000000000        0.0000000000000000        0.0000000000000000     
   8.0399999999998730       0.33033166969606353        0.0000000000000000        2948.0658995902982        0.0000000000000000       -1.1619220307216966E-302   0.0000000000000000        30.309453077733448        0.0000000000000000        18703.522095176748        1.0000000000000000        0.0000000000000000        0.0000000000000000        0.0000000000000000     
   8.0499999999998728       0.33033166969606353        0.0000000000000000        2948.3882183915580        0.0000000000000000       -1.1619220307216966E-302   0.0000000000000000        30.312756394430409        0.0000000000000000        18733.004365765897        1.0000000000000000        0.0000000000000000        0.0000000000000000        0.0000000000000000     
   8.0599999999998726       0.33033166969606353        0.0000000000000000        2948.7105381049755        0.0000000000000000       -1.1619220307216966E-302   0.0000000000000000        30.316059711127370        0.0000000000000000        18762.489859547619        1.0000000000000000        0.0000000000000000        0.0000000000000000        0.0000000000000000     
   8.0699999999998724       0.33033166969606353        0.0000000000000000        2949.0328587306540        0.0000000000000000       -1.1619220307216966E-302   0.0000000000000000        30.319363027824330        0.0000000000000000        18791.978576531037        1.0000000000000000        0.0000000000000000        0.0000000000000000        0.0000000000000000     
   8.0799999999998722       0.33033166969606353        0.0000000000000000        2949.3551802686975        0.0000000000000000       -1.1619220307216966E-302   0.0000000000000000        30.322666344521291        0.0000000000000000        18821.470516725272        1.0000000000000000        0.0000000000000000        0.0000000000000000        0.0000000000000000     
   8.0899999999998720       0.33033166969606353        0.0000000000000000        2949.6775027192093        0.0000000000000000       -1.1619220307216966E-302   0.0000000000000000        30.325969661218252        0.0000000000000000        18850.965680139452        1.0000000000000000        0.0000000000000000        0.0000000000000000        0.0000000000000000     
   8.0999999999998717       0.33033166969606353        0.0000000000000000        2949.9998260822936        0.0000000000000000       -1.1619220307216966E-302   0.0000000000000000        30.329272977915213        0.0000000000000000        18880.464066782701        1.0000000000000000        0.0000000000000000        0.0000000000000000        0.0000000000000000     
   8.1099999999998715       0.33033166969606353        0.0000000000000000        2950.3221503580535        0.0000000000000000       -1.1619220307216966E-302   0.0000000000000000        30.332576294612174        0.0000000000000000        18909.965676664142        1.0000000000000000        0.0000000000000000        0.0000000000000000        0.0000000000000000     
   8.1199999999998713       0.33033166969606353        0.0000000000000000        2950.6444755465923        0.0000000000000000       -1.1619220307216966E-302   0.0000000000000000        30.335879611309135        0.0000000000000000        18939.470509792904        1.0000000000000000        0.0000000000000000        0.0000000000000000        0.0000000000000000     
   8.1299999999998711       0.33033166969606353        0.0000000000000000        2950.9668016480141        0.0000000000000000       -1.1619220307216966E-302   0.0000000000000000        30.339182928006096        0.0000000000000000        18968.978566178117        1.0000000000000000        0.0000000000000000        0.0000000000000000        0.0000000000000000     
   8.1399999999998709       0.33033166969606353        0.0000000000000000        2951.2891286624226        0.0000000000000000       -1.1619220307216966E-302   0.0000000000000000        30.342486244703057        0.0000000000000000        18998.489845828910        1.0000000000000000        0.0000000000000000        0.0000000000000000        0.0000000000000000     
   8.1499999999998707       0.33033166969606353        0.0000000000000000        2951.6114565899211        0.0000000000000000       -1.1619220307216966E-302   0.0000000000000000        30.345789561400018        0.0000000000000000        19028.004348754410        1.0000000000000000        0.0000000000000000        0.0000000000000000        0.0000000000000000     
   8.1599999999998705       0.33033166969606353        0.0000000000000000        2951.9337854306132        0.0000000000000000       -1.1619220307216966E-302   0.0000000000000000        30.349092878096979        0.0000000000000000        19057.522074963752        1.0000000000000000        0.0000000000000000        0.0000000000000000        0.0000000000000000     
   8.1699999999998703       0.33033166969606353        0.0000000000000000        2952.2561151846025        0.0000000000000000       -1.1619220307216966E-302   0.0000000000000000        30.352396194793940        0.0000000000000000        19087.043024466067        1.0000000000000000        0.0000000000000000        0.0000000000000000        0.0000000000000000     
   8.1799999999998700       0.33033166969606353        0.0000000000000000        2952.5784458519929        0.0000000000000000       -1.1619220307216966E-302   0.0000000000000000        30.355699511490901        0.0000000000000000        19116.567197270488        1.0000000000000000        0.0000000000000000        0.0000000000000000        0.0000000000000000     
   8.1899999999998698       0.33033166969606353        0.0000000000000000        2952.9007774328875        0.0000000000000000       -1.1619220307216966E-302   0.0000000000000000        30.359002828187862        0.0000000000000000        19146.094593386151        1.0000000000000000        0.0000000000000000        0.0000000000000000        0.0000000000000000     
   8.1999999999998696       0.33033166969606353        0.0000000000000000        2953.2231099273904        0.0000000000000000       -1.1619220307216966E-302   0.0000000000000000        30.362306144884823        0.0000000000000000        19175.625212822189        1.0000000000000000        0.0000000000000000        0.0000000000000000        0.0000000000000000     
   8.2099999999998694       0.33033166969606353        0.0000000000000000        2953.5454433356049        0.0000000000000000       -1.1619220307216966E-302   0.0000000000000000        30.365609461581784        0.0000000000000000        19205.159055587745        1.0000000000000000        0.0000000000000000        0.0000000000000000        0.0000000000000000     
   8.2199999999998692       0.33033166969606353        0.0000000000000000        2953.8677776576346        0.0000000000000000       -1.1619220307216966E-302   0.0000000000000000        30.368912778278744        0.0000000000000000        19234.696121691948        1.0000000000000000        0.0000000000000000        0.0000000000000000        0.0000000000000000     
   8.2299999999998690       0.33033166969606353        0.0000000000000000        2954.1901128935833        0.0000000000000000       -1.1619220307216966E-302   0.0000000000000000        30.372216094975705        0.0000000000000000        19264.236411143942        1.0000000000000000        0.0000000000000000        0.0000000000000000        0.0000000000000000     
   8.2399999999998688       0.33033166969606353        0.0000000000000000        2954.5124490435546        0.0000000000000000       -1.1619220307216966E-302   0.0000000000000000        30.375519411672666        0.0000000000000000        19293.779923952865        1.0000000000000000        0.0000000000000000        0.0000000000000000        0.0000000000000000     
   8.2499999999998685       0.33033166969606353        0.0000000000000000        2954.8347861076522        0.0000000000000000       -1.1619220307216966E-302   0.0000000000000000        30.378822728369627        0.0000000000000000        19323.326660127859        1.0000000000000000        0.0000000000000000        0.0000000000000000        0.0000000000000000     
   8.2599999999998683       0.33033166969606353        0.0000000000000000        2955.1571240859794        0.0000000000000000       -1.1619220307216966E-302   0.0000000000000000        30.382126045066588        0.0000000000000000        19352.876619678067        1.0000000000000000        0.0000000000000000        0.0000000000000000        0.0000000000000000     
   8.2699999999998681       0.33033166969606353        0.0000000000000000        2955.4794629786402        0.0000000000000000       -1.1619220307216966E-302   0.0000000000000000        30.385429361763549        0.0000000000000000        19382.429802612627        1.0000000000000000        0.0000000000000000        0.0000000000000000        0.0000000000000000     
   8.2799999999998679       0.33033166969606353        0.0000000000000000        2955.8018027857379        0.0000000000000000       -1.1619220307216966E-302   0.0000000000000000        30.388732678460510        0.0000000000000000        19411.986208940685        1.0000000000000000        0.0000000000000000        0.0000000000000000        0.0000000000000000     
   8.2899999999998677       0.33033166969606353        0.0000000000000000        2956.1241435073762        0.0000000000000000       -1.1619220307216966E-302   0.0000000000000000        30.392035995157471        0.0000000000000000        19441.545838671387        1.0000000000000000        0.0000000000000000        0.0000000000000000        0.0000000000000000     
   8.2999999999998675       0.33033166969606353        0.0000000000000000        2956.4464851436587        0.0000000000000000       -1.1619220307216966E-302   0.0000000000000000        30.395339311854432        0.0000000000000000        19471.108691813879        1.0000000000000000        0.0000000000000000        0.0000000000000000        0.0000000000000000     
   8.3099999999998673       0.33033166969606353        0.0000000000000000        2956.7688276946892        0.0000000000000000       -1.1619220307216966E-302   0.0000000000000000        30.398642628551393        0.0000000000000000        19500.674768377310        1.0000000000000000        0.0000000000000000        0.0000000000000000        0.0000000000000000     
   8.3199999999998671       0.33033166969606353        0.0000000000000000        2957.0911711605713        0.0000000000000000       -1.1619220307216966E-302   0.0000000000000000        30.401945945248354        0.0000000000000000        19530.244068370823        1.0000000000000000        0.0000000000000000        0.0000000000000000        0.0000000000000000     
   8.3299999999998668       0.33033166969606353        0.0000000000000000        2957.4135155414087        0.0000000000000000       -1.1619220307216966E-302   0.0000000000000000        30.405249261945315        0.0000000000000000        19559.816591803570        1.0000000000000000        0.0000000000000000        0.0000000000000000        0.0000000000000000     
   8.3399999999998666       0.33033166969606353        0.0000000000000000        2957.7358608373052        0.0000000000000000       -1.1619220307216966E-302   0.0000000000000000        30.408552578642276        0.0000000000000000        19589.392338684702        1.0000000000000000        0.0000000000000000        0.0000000000000000        0.0000000000000000     
   8.3499999999998664       0.33033166969606353        0.0000000000000000        2958.0582070483638        0.0000000000000000       -1.1619220307216966E-302   0.0000000000000000        30.411855895339237        0.0000000000000000        19618.971309023367        1.0000000000000000        0.0000000000000000        0.0000000000000000        0.0000000000000000     
   8.3599999999998662       0.33033166969606353        0.0000000000000000        2958.3805541746888        0.0000000000000000       -1.1619220307216966E-302   0.0000000000000000        30.415159212036198        0.0000000000000000        19648.553502828720        1.0000000000000000        0.0000000000000000        0.0000000000000000        0.0000000000000000     
   8.3699999999998660       0.33033166969606353        0.0000000000000000        2958.7029022163833        0.0000000000000000       -1.1619220307216966E-302   0.0000000000000000        30.418462528733158        0.0000000000000000        19678.138920109912        1.0000000000000000        0.0000000000000000        0.0000000000000000        0.0000000000000000     
   8.3799999999998658       0.33033166969606353        0.0000000000000000        2959.0252511735512        0.0000000000000000       -1.1619220307216966E-302   0.0000000000000000        30.421765845430119        0.0000000000000000        19707.727560876097        1.0000000000000000        0.0000000000000000        0.0000000000000000        0.0000000000000000     
   8.3899999999998656       0.33033166969606353        0.0000000000000000        2959.3476010462959        0.0000000000000000       -1.1619220307216966E-302   0.0000000000000000        30.425069162127080        0.0000000000000000        19737.319425136433        1.0000000000000000        0.0000000000000000        0.0000000000000000        0.0000000000000000     
   8.3999999999998654       0.33033166969606353        0.0000000000000000        2959.6699518347214        0.0000000000000000       -1.1619220307216966E-302   0.0000000000000000        30.428372478824041        0.0000000000000000        19766.914512900075        1.0000000000000000        0.0000000000000000        0.0000000000000000        0.0000000000000000     
   8.4099999999998651       0.33033166969606353        0.0000000000000000        2959.9923035389311        0.0000000000000000       -1.1619220307216966E-302   0.0000000000000000        30.431675795521002        0.0000000000000000        19796.512824176181        1.0000000000000000        0.0000000000000000        0.0000000000000000        0.0000000000000000     
   8.4199999999998649       0.33033166969606353        0.0000000000000000        2960.3146561590288        0.0000000000000000       -1.1619220307216966E-302   0.0000000000000000        30.434979112217963        0.0000000000000000        19826.114358973908        1.0000000000000000        0.0000000000000000        0.0000000000000000        0.0000000000000000     
   8.4299999999998647       0.33033166969606353        0.0000000000000000        2960.6370096951182        0.0000000000000000       -1.1619220307216966E-302   0.0000000000000000        30.438282428914924        0.0000000000000000        19855.719117302415        1.0000000000000000        0.0000000000000000        0.0000000000000000        0.0000000000000000     
   8.4399999999998645       0.33033166969606353        0.0000000000000000        2960.9593641473029        0.0000000000000000       -1.1619220307216966E-302   0.0000000000000000        30.441585745611885        0.0000000000000000        19885.327099170863        1.0000000000000000        0.0000000000000000        0.0000000000000000        0.0000000000000000     
   8.4499999999998643       0.33033166969606353        0.0000000000000000        2961.2817195156863        0.0000000000000000       -1.1619220307216966E-302   0.0000000000000000        30.444889062308846        0.0000000000000000        19914.938304588413        1.0000000000000000        0.0000000000000000        0.0000000000000000        0.0000000000000000     
   8.4599999999998641       0.33033166969606353        0.0000000000000000        2961.6040758003724        0.0000000000000000       -1.1619220307216966E-302   0.0000000000000000        30.448192379005807        0.0000000000000000        19944.552733564229        1.0000000000000000        0.0000000000000000        0.0000000000000000        0.0000000000000000     
   8.4699999999998639       0.33033166969606353        0.0000000000000000        2961.9264330014644        0.0000000000000000       -1.1619220307216966E-302   0.0000000000000000        30.451495695702768        0.0000000000000000        19974.170386107475        1.0000000000000000        0.0000000000000000        0.0000000000000000        0.0000000000000000     
   8.4799999999998636       0.33033166969606353        0.0000000000000000        2962.2487911190665        0.0000000000000000       -1.1619220307216966E-302   0.0000000000000000        30.454799012399729        0.0000000000000000        20003.791262227314        1.0000000000000000        0.0000000000000000        0.0000000000000000        0.0000000000000000     
   8.4899999999998634       0.33033166969606353        0.0000000000000000        2962.5711501532819        0.0000000000000000       -1.1619220307216966E-302   0.0000000000000000        30.458102329096690        0.0000000000000000        20033.415361932912        1.0000000000000000        0.0000000000000000        0.0000000000000000        0.0000000000000000     
   8.4999999999998632       0.33033166969606353        0.0000000000000000        2962.8935101042148        0.0000000000000000       -1.1619220307216966E-302   0.0000000000000000        30.461405645793651        0.0000000000000000        20063.042685233435        1.0000000000000000        0.0000000000000000        0.0000000000000000        0.0000000000000000     
   8.5099999999998630       0.33033166969606353        0.0000000000000000        2963.2158709719683        0.0000000000000000       -1.1619220307216966E-302   0.0000000000000000        30.464708962490612        0.0000000000000000        20092.673232138051        1.0000000000000000        0.0000000000000000        0.0000000000000000        0.0000000000000000     
   8.5199999999998628       0.33033166969606353        0.0000000000000000        2963.5382327566463        0.0000000000000000       -1.1619220307216966E-302   0.0000000000000000        30.468012279187572        0.0000000000000000        20122.307002655929        1.0000000000000000        0.0000000000000000        0.0000000000000000        0.0000000000000000     
   8.5299999999998626       0.33033166969606353        0.0000000000000000        2963.8605954583522        0.0000000000000000       -1.1619220307216966E-302   0.0000000000000000        30.471315595884533        0.0000000000000000        20151.943996796239        1.0000000000000000        0.0000000000000000        0.0000000000000000        0.0000000000000000     
   8.5399999999998624       0.33033166969606353        0.0000000000000000        2964.1829590771904        0.0000000000000000       -1.1619220307216966E-302   0.0000000000000000        30.474618912581494        0.0000000000000000        20181.584214568153        1.0000000000000000        0.0000000000000000        0.0000000000000000        0.0000000000000000     
   8.5499999999998622       0.33033166969606353        0.0000000000000000        2964.5053236132640        0.0000000000000000       -1.1619220307216966E-302   0.0000000000000000        30.477922229278455        0.0000000000000000        20211.227655980842        1.0000000000000000        0.0000000000000000        0.0000000000000000        0.0000000000000000     
   8.5599999999998619       0.33033166969606353        0.0000000000000000        2964.8276890666766        0.0000000000000000       -1.1619220307216966E-302   0.0000000000000000        30.481225545975416        0.0000000000000000        20240.874321043477        1.0000000000000000        0.0000000000000000        0.0000000000000000        0.0000000000000000     
   8.5699999999998617       0.33033166969606353        0.0000000000000000        2965.1500554375320        0.0000000000000000       -1.1619220307216966E-302   0.0000000000000000        30.484528862672377        0.0000000000000000        20270.524209765234        1.0000000000000000        0.0000000000000000        0.0000000000000000        0.0000000000000000     
   8.5799999999998615       0.33033166969606353        0.0000000000000000        2965.4724227259339        0.0000000000000000       -1.1619220307216966E-302   0.0000000000000000        30.487832179369338        0.0000000000000000        20300.177322155287        1.0000000000000000        0.0000000000000000        0.0000000000000000        0.0000000000000000     
   8.5899999999998613       0.33033166969606353        0.0000000000000000        2965.7947909319860        0.0000000000000000       -1.1619220307216966E-302   0.0000000000000000        30.491135496066299        0.0000000000000000        20329.833658222811        1.0000000000000000        0.0000000000000000        0.0000000000000000        0.0000000000000000     
   8.5999999999998611       0.33033166969606353        0.0000000000000000        2966.1171600557918        0.0000000000000000       -1.1619220307216966E-302   0.0000000000000000        30.494438812763260        0.0000000000000000        20359.493217976986        1.0000000000000000        0.0000000000000000        0.0000000000000000        0.0000000000000000     
   8.6099999999998609       0.33033166969606353        0.0000000000000000        2966.4395300974552        0.0000000000000000       -1.1619220307216966E-302   0.0000000000000000        30.497742129460221        0.0000000000000000        20389.156001426985        1.0000000000000000        0.0000000000000000        0.0000000000000000        0.0000000000000000     
   8.6199999999998607       0.33033166969606353        0.0000000000000000        2966.7619010570797        0.0000000000000000       -1.1619220307216966E-302   0.0000000000000000        30.501045446157182        0.0000000000000000        20418.822008581992        1.0000000000000000        0.0000000000000000        0.0000000000000000        0.0000000000000000     
   8.6299999999998604       0.33033166969606353        0.0000000000000000        2967.0842729347692        0.0000000000000000       -1.1619220307216966E-302   0.0000000000000000        30.504348762854143        0.0000000000000000        20448.491239451185        1.0000000000000000        0.0000000000000000        0.0000000000000000        0.0000000000000000     
   8.6399999999998602       0.33033166969606353        0.0000000000000000        2967.4066457306271        0.0000000000000000       -1.1619220307216966E-302   0.0000000000000000        30.507652079551104        0.0000000000000000        20478.163694043746        1.0000000000000000        0.0000000000000000        0.0000000000000000        0.0000000000000000     
   8.6499999999998600       0.33033166969606353        0.0000000000000000        2967.7290194447573        0.0000000000000000       -1.1619220307216966E-302   0.0000000000000000        30.510955396248065        0.0000000000000000        20507.839372368857        1.0000000000000000        0.0000000000000000        0.0000000000000000        0.0000000000000000     
   8.6599999999998598       0.33033166969606353        0.0000000000000000        2968.0513940772635        0.0000000000000000       -1.1619220307216966E-302   0.0000000000000000        30.514258712945026        0.0000000000000000        20537.518274435701        1.0000000000000000        0.0000000000000000        0.0000000000000000        0.0000000000000000     
   8.6699999999998596       0.33033166969606353        0.0000000000000000        2968.3737696282492        0.0000000000000000       -1.1619220307216966E-302   0.0000000000000000        30.517562029641986        0.0000000000000000        20567.200400253463        1.0000000000000000        0.0000000000000000        0.0000000000000000        0.0000000000000000     
   8.6799999999998594       0.33033166969606353        0.0000000000000000        2968.6961460978182        0.0000000000000000       -1.1619220307216966E-302   0.0000000000000000        30.520865346338947        0.0000000000000000        20596.885749831326        1.0000000000000000        0.0000000000000000        0.0000000000000000        0.0000000000000000     
   8.6899999999998592       0.33033166969606353        0.0000000000000000        2969.0185234860742        0.0000000000000000       -1.1619220307216966E-302   0.0000000000000000        30.524168663035908        0.0000000000000000        20626.574323178480        1.0000000000000000        0.0000000000000000        0.0000000000000000        0.0000000000000000     
   8.6999999999998590       0.33033166969606353        0.0000000000000000        2969.3409017931208        0.0000000000000000       -1.1619220307216966E-302   0.0000000000000000        30.527471979732869        0.0000000000000000        20656.266120304110        1.0000000000000000        0.0000000000000000        0.0000000000000000        0.0000000000000000     
   8.7099999999998587       0.33033166969606353        0.0000000000000000        2969.6632810190617        0.0000000000000000       -1.1619220307216966E-302   0.0000000000000000        30.530775296429830        0.0000000000000000        20685.961141217405        1.0000000000000000        0.0000000000000000        0.0000000000000000        0.0000000000000000     
   8.7199999999998585       0.33033166969606353        0.0000000000000000        2969.9856611640007        0.0000000000000000       -1.1619220307216966E-302   0.0000000000000000        30.534078613126791        0.0000000000000000        20715.659385927556        1.0000000000000000        0.0000000000000000        0.0000000000000000        0.0000000000000000     
   8.7299999999998583       0.33033166969606353        0.0000000000000000        2970.3080422280414        0.0000000000000000       -1.1619220307216966E-302   0.0000000000000000        30.537381929823752        0.0000000000000000        20745.360854443752        1.0000000000000000        0.0000000000000000        0.0000000000000000        0.0000000000000000     
   8.7399999999998581       0.33033166969606353        0.0000000000000000        2970.6304242112874        0.0000000000000000       -1.1619220307216966E-302   0.0000000000000000        30.540685246520713        0.0000000000000000        20775.065546775182        1.0000000000000000        0.0000000000000000        0.0000000000000000        0.0000000000000000     
   8.7499999999998579       0.33033166969606353        0.0000000000000000        2970.9528071138425        0.0000000000000000       -1.1619220307216966E-302   0.0000000000000000        30.543988563217674        0.0000000000000000        20804.773462931043        1.0000000000000000        0.0000000000000000        0.0000000000000000        0.0000000000000000     
   8.7599999999998577       0.33033166969606353        0.0000000000000000        2971.2751909358108        0.0000000000000000       -1.1619220307216966E-302   0.0000000000000000        30.547291879914635        0.0000000000000000        20834.484602920526        1.0000000000000000        0.0000000000000000        0.0000000000000000        0.0000000000000000     
   8.7699999999998575       0.33033166969606353        0.0000000000000000        2971.5975756772955        0.0000000000000000       -1.1619220307216966E-302   0.0000000000000000        30.550595196611596        0.0000000000000000        20864.198966752825        1.0000000000000000        0.0000000000000000        0.0000000000000000        0.0000000000000000     
   8.7799999999998573       0.33033166969606353        0.0000000000000000        2971.9199613384003        0.0000000000000000       -1.1619220307216966E-302   0.0000000000000000        30.553898513308557        0.0000000000000000        20893.916554437135        1.0000000000000000        0.0000000000000000        0.0000000000000000        0.0000000000000000     
   8.7899999999998570       0.33033166969606353        0.0000000000000000        2972.2423479192289        0.0000000000000000       -1.1619220307216966E-302   0.0000000000000000        30.557201830005518        0.0000000000000000        20923.637365982657        1.0000000000000000        0.0000000000000000        0.0000000000000000        0.0000000000000000     
   8.7999999999998568       0.33033166969606353        0.0000000000000000        2972.5647354198854        0.0000000000000000       -1.1619220307216966E-302   0.0000000000000000        30.560505146702479        0.0000000000000000        20953.361401398586        1.0000000000000000        0.0000000000000000        0.0000000000000000        0.0000000000000000     
   8.8099999999998566       0.33033166969606353        0.0000000000000000        2972.8871238404731        0.0000000000000000       -1.1619220307216966E-302   0.0000000000000000        30.563808463399440        0.0000000000000000        20983.088660694120        1.0000000000000000        0.0000000000000000        0.0000000000000000        0.0000000000000000     
   8.8199999999998564       0.33033166969606353        0.0000000000000000        2973.2095131810961        0.0000000000000000       -1.1619220307216966E-302   0.0000000000000000        30.567111780096401        0.0000000000000000        21012.819143878460        1.0000000000000000        0.0000000000000000        0.0000000000000000        0.0000000000000000     
   8.8299999999998562       0.33033166969606353        0.0000000000000000        2973.5319034418576        0.0000000000000000       -1.1619220307216966E-302   0.0000000000000000        30.570415096793361        0.0000000000000000        21042.552850960808        1.0000000000000000        0.0000000000000000        0.0000000000000000        0.0000000000000000     
   8.8399999999998560       0.33033166969606353        0.0000000000000000        2973.8542946228617        0.0000000000000000       -1.1619220307216966E-302   0.0000000000000000        30.573718413490322        0.0000000000000000        21072.289781950367        1.0000000000000000        0.0000000000000000        0.0000000000000000        0.0000000000000000     
   8.8499999999998558       0.33033166969606353        0.0000000000000000        2974.1766867242122        0.0000000000000000       -1.1619220307216966E-302   0.0000000000000000        30.577021730187283        0.0000000000000000        21102.029936856336        1.0000000000000000        0.0000000000000000        0.0000000000000000        0.0000000000000000     
   8.8599999999998555       0.33033166969606353        0.0000000000000000        2974.4990797460123        0.0000000000000000       -1.1619220307216966E-302   0.0000000000000000        30.580325046884244        0.0000000000000000        21131.773315687919        1.0000000000000000        0.0000000000000000        0.0000000000000000        0.0000000000000000     
   8.8699999999998553       0.33033166969606353        0.0000000000000000        2974.8214736883660        0.0000000000000000       -1.1619220307216966E-302   0.0000000000000000        30.583628363581205        0.0000000000000000        21161.519918454323        1.0000000000000000        0.0000000000000000        0.0000000000000000        0.0000000000000000     
   8.8799999999998551       0.33033166969606353        0.0000000000000000        2975.1438685513772        0.0000000000000000       -1.1619220307216966E-302   0.0000000000000000        30.586931680278166        0.0000000000000000        21191.269745164755        1.0000000000000000        0.0000000000000000        0.0000000000000000        0.0000000000000000     
   8.8899999999998549       0.33033166969606353        0.0000000000000000        2975.4662643351494        0.0000000000000000       -1.1619220307216966E-302   0.0000000000000000        30.590234996975127        0.0000000000000000        21221.022795828419        1.0000000000000000        0.0000000000000000        0.0000000000000000        0.0000000000000000     
   8.8999999999998547       0.33033166969606353        0.0000000000000000        2975.7886610397863        0.0000000000000000       -1.1619220307216966E-302   0.0000000000000000        30.593538313672088        0.0000000000000000        21250.779070454526        1.0000000000000000        0.0000000000000000        0.0000000000000000        0.0000000000000000     
   8.9099999999998545       0.33033166969606353        0.0000000000000000        2976.1110586653922        0.0000000000000000       -1.1619220307216966E-302   0.0000000000000000        30.596841630369049        0.0000000000000000        21280.538569052285        1.0000000000000000        0.0000000000000000        0.0000000000000000        0.0000000000000000     
   8.9199999999998543       0.33033166969606353        0.0000000000000000        2976.4334572120702        0.0000000000000000       -1.1619220307216966E-302   0.0000000000000000        30.600144947066010        0.0000000000000000        21310.301291630905        1.0000000000000000        0.0000000000000000        0.0000000000000000        0.0000000000000000     
   8.9299999999998541       0.33033166969606353        0.0000000000000000        2976.7558566799239        0.0000000000000000       -1.1619220307216966E-302   0.0000000000000000        30.603448263762971        0.0000000000000000        21340.067238199597        1.0000000000000000        0.0000000000000000        0.0000000000000000        0.0000000000000000     
   8.9399999999998538       0.33033166969606353        0.0000000000000000        2977.0782570690576        0.0000000000000000       -1.1619220307216966E-302   0.0000000000000000        30.606751580459932        0.0000000000000000        21369.836408767573        1.0000000000000000        0.0000000000000000        0.0000000000000000        0.0000000000000000     
   8.9499999999998536       0.33033166969606353        0.0000000000000000        2977.4006583795745        0.0000000000000000       -1.1619220307216966E-302   0.0000000000000000        30.610054897156893        0.0000000000000000        21399.608803344046        1.0000000000000000        0.0000000000000000        0.0000000000000000        0.0000000000000000     
   8.9599999999998534       0.33033166969606353        0.0000000000000000        2977.7230606115786        0.0000000000000000       -1.1619220307216966E-302   0.0000000000000000        30.613358213853854        0.0000000000000000        21429.384421938234        1.0000000000000000        0.0000000000000000        0.0000000000000000        0.0000000000000000     
   8.9699999999998532       0.33033166969606353        0.0000000000000000        2978.0454637651737        0.0000000000000000       -1.1619220307216966E-302   0.0000000000000000        30.616661530550815        0.0000000000000000        21459.163264559349        1.0000000000000000        0.0000000000000000        0.0000000000000000        0.0000000000000000     
   8.9799999999998530       0.33033166969606353        0.0000000000000000        2978.3678678404635        0.0000000000000000       -1.1619220307216966E-302   0.0000000000000000        30.619964847247775        0.0000000000000000        21488.945331216608        1.0000000000000000        0.0000000000000000        0.0000000000000000        0.0000000000000000     
   8.9899999999998528       0.33033166969606353        0.0000000000000000        2978.6902728375517        0.0000000000000000       -1.1619220307216966E-302   0.0000000000000000        30.623268163944736        0.0000000000000000        21518.730621919229        1.0000000000000000        0.0000000000000000        0.0000000000000000        0.0000000000000000     
   8.9999999999998526       0.33033166969606353        0.0000000000000000        2979.0126787565418        0.0000000000000000       -1.1619220307216966E-302   0.0000000000000000        30.626571480641697        0.0000000000000000        21548.519136676430        1.0000000000000000        0.0000000000000000        0.0000000000000000        0.0000000000000000     
   9.0099999999998523       0.33033166969606353        0.0000000000000000        2979.3350855975377        0.0000000000000000       -1.1619220307216966E-302   0.0000000000000000        30.629874797338658        0.0000000000000000        21578.310875497431        1.0000000000000000        0.0000000000000000        0.0000000000000000        0.0000000000000000     
   9.0199999999998521       0.33033166969606353        0.0000000000000000        2979.6574933606430        0.0000000000000000       -1.1619220307216966E-302   0.0000000000000000        30.633178114035619        0.0000000000000000        21608.105838391453        1.0000000000000000        0.0000000000000000        0.0000000000000000        0.0000000000000000     
   9.0299999999998519       0.33033166969606353        0.0000000000000000        2979.9799020459618        0.0000000000000000       -1.1619220307216966E-302   0.0000000000000000        30.636481430732580        0.0000000000000000        21637.904025367719        1.0000000000000000        0.0000000000000000        0.0000000000000000        0.0000000000000000     
   9.0399999999998517       0.33033166969606353        0.0000000000000000        2980.3023116535978        0.0000000000000000       -1.1619220307216966E-302   0.0000000000000000        30.639784747429541        0.0000000000000000        21667.705436435448        1.0000000000000000        0.0000000000000000        0.0000000000000000        0.0000000000000000     
   9.0499999999998515       0.33033166969606353        0.0000000000000000        2980.6247221836543        0.0000000000000000       -1.1619220307216966E-302   0.0000000000000000        30.643088064126502        0.0000000000000000        21697.510071603865        1.0000000000000000        0.0000000000000000        0.0000000000000000        0.0000000000000000     
   9.0599999999998513       0.33033166969606353        0.0000000000000000        2980.9471336362353        0.0000000000000000       -1.1619220307216966E-302   0.0000000000000000        30.646391380823463        0.0000000000000000        21727.317930882196        1.0000000000000000        0.0000000000000000        0.0000000000000000        0.0000000000000000     
   9.0699999999998511       0.33033166969606353        0.0000000000000000        2981.2695460114451        0.0000000000000000       -1.1619220307216966E-302   0.0000000000000000        30.649694697520424        0.0000000000000000        21757.129014279664        1.0000000000000000        0.0000000000000000        0.0000000000000000        0.0000000000000000     
   9.0799999999998509       0.33033166969606353        0.0000000000000000        2981.5919593093868        0.0000000000000000       -1.1619220307216966E-302   0.0000000000000000        30.652998014217385        0.0000000000000000        21786.943321805498        1.0000000000000000        0.0000000000000000        0.0000000000000000        0.0000000000000000     
   9.0899999999998506       0.33033166969606353        0.0000000000000000        2981.9143735301641        0.0000000000000000       -1.1619220307216966E-302   0.0000000000000000        30.656301330914346        0.0000000000000000        21816.760853468928        1.0000000000000000        0.0000000000000000        0.0000000000000000        0.0000000000000000     
   9.0999999999998504       0.33033166969606353        0.0000000000000000        2982.2367886738812        0.0000000000000000       -1.1619220307216966E-302   0.0000000000000000        30.659604647611307        0.0000000000000000        21846.581609279179        1.0000000000000000        0.0000000000000000        0.0000000000000000        0.0000000000000000     
   9.1099999999998502       0.33033166969606353        0.0000000000000000        2982.5592047406412        0.0000000000000000       -1.1619220307216966E-302   0.0000000000000000        30.662907964308268        0.0000000000000000        21876.405589245482        1.0000000000000000        0.0000000000000000        0.0000000000000000        0.0000000000000000     
   9.1199999999998500       0.33033166969606353        0.0000000000000000        2982.8816217305484        0.0000000000000000       -1.1619220307216966E-302   0.0000000000000000        30.666211281005229        0.0000000000000000        21906.232793377068        1.0000000000000000        0.0000000000000000        0.0000000000000000        0.0000000000000000     
   9.1299999999998498       0.33033166969606353        0.0000000000000000        2983.2040396437064        0.0000000000000000       -1.1619220307216966E-302   0.0000000000000000        30.669514597702189        0.0000000000000000        21936.063221683169        1.0000000000000000        0.0000000000000000        0.0000000000000000        0.0000000000000000     
   9.1399999999998496       0.33033166969606353        0.0000000000000000        2983.5264584802194        0.0000000000000000       -1.1619220307216966E-302   0.0000000000000000        30.672817914399150        0.0000000000000000        21965.896874173020        1.0000000000000000        0.0000000000000000        0.0000000000000000        0.0000000000000000     
   9.1499999999998494       0.33033166969606353        0.0000000000000000        2983.8488782401905        0.0000000000000000       -1.1619220307216966E-302   0.0000000000000000        30.676121231096111        0.0000000000000000        21995.733750855852        1.0000000000000000        0.0000000000000000        0.0000000000000000        0.0000000000000000     
   9.1599999999998492       0.33033166969606353        0.0000000000000000        2984.1712989237240        0.0000000000000000       -1.1619220307216966E-302   0.0000000000000000        30.679424547793072        0.0000000000000000        22025.573851740901        1.0000000000000000        0.0000000000000000        0.0000000000000000        0.0000000000000000     
   9.1699999999998489       0.33033166969606353        0.0000000000000000        2984.4937205309229        0.0000000000000000       -1.1619220307216966E-302   0.0000000000000000        30.682727864490033        0.0000000000000000        22055.417176837404        1.0000000000000000        0.0000000000000000        0.0000000000000000        0.0000000000000000     
   9.1799999999998487       0.33033166969606353        0.0000000000000000        2984.8161430618916        0.0000000000000000       -1.1619220307216966E-302   0.0000000000000000        30.686031181186994        0.0000000000000000        22085.263726154597        1.0000000000000000        0.0000000000000000        0.0000000000000000        0.0000000000000000     
   9.1899999999998485       0.33033166969606353        0.0000000000000000        2985.1385665167336        0.0000000000000000       -1.1619220307216966E-302   0.0000000000000000        30.689334497883955        0.0000000000000000        22115.113499701722        1.0000000000000000        0.0000000000000000        0.0000000000000000        0.0000000000000000     
   9.1999999999998483       0.33033166969606353        0.0000000000000000        2985.4609908955531        0.0000000000000000       -1.1619220307216966E-302   0.0000000000000000        30.692637814580916        0.0000000000000000        22144.966497488014        1.0000000000000000        0.0000000000000000        0.0000000000000000        0.0000000000000000     
   9.2099999999998481       0.33033166969606353        0.0000000000000000        2985.7834161984533        0.0000000000000000       -1.1619220307216966E-302   0.0000000000000000        30.695941131277877        0.0000000000000000        22174.822719522715        1.0000000000000000        0.0000000000000000        0.0000000000000000        0.0000000000000000     
   9.2199999999998479       0.33033166969606353        0.0000000000000000        2986.1058424255384        0.0000000000000000       -1.1619220307216966E-302   0.0000000000000000        30.699244447974838        0.0000000000000000        22204.682165815066        1.0000000000000000        0.0000000000000000        0.0000000000000000        0.0000000000000000     
   9.2299999999998477       0.33033166969606353        0.0000000000000000        2986.4282695769120        0.0000000000000000       -1.1619220307216966E-302   0.0000000000000000        30.702547764671799        0.0000000000000000        22234.544836374309        1.0000000000000000        0.0000000000000000        0.0000000000000000        0.0000000000000000     
   9.2399999999998474       0.33033166969606353        0.0000000000000000        2986.7506976526779        0.0000000000000000       -1.1619220307216966E-302   0.0000000000000000        30.705851081368760        0.0000000000000000        22264.410731209686        1.0000000000000000        0.0000000000000000        0.0000000000000000        0.0000000000000000     
   9.2499999999998472       0.33033166969606353        0.0000000000000000        2987.0731266529397        0.0000000000000000       -1.1619220307216966E-302   0.0000000000000000        30.709154398065721        0.0000000000000000        22294.279850330444        1.0000000000000000        0.0000000000000000        0.0000000000000000        0.0000000000000000     
   9.2599999999998470       0.33033166969606353        0.0000000000000000        2987.3955565778015        0.0000000000000000       -1.1619220307216966E-302   0.0000000000000000        30.712457714762682        0.0000000000000000        22324.152193745827        1.0000000000000000        0.0000000000000000        0.0000000000000000        0.0000000000000000     
   9.2699999999998468       0.33033166969606353        0.0000000000000000        2987.7179874273666        0.0000000000000000       -1.1619220307216966E-302   0.0000000000000000        30.715761031459643        0.0000000000000000        22354.027761465084        1.0000000000000000        0.0000000000000000        0.0000000000000000        0.0000000000000000     
   9.2799999999998466       0.33033166969606353        0.0000000000000000        2988.0404192017390        0.0000000000000000       -1.1619220307216966E-302   0.0000000000000000        30.719064348156603        0.0000000000000000        22383.906553497458        1.0000000000000000        0.0000000000000000        0.0000000000000000        0.0000000000000000     
   9.2899999999998464       0.33033166969606353        0.0000000000000000        2988.3628519010231        0.0000000000000000       -1.1619220307216966E-302   0.0000000000000000        30.722367664853564        0.0000000000000000        22413.788569852200        1.0000000000000000        0.0000000000000000        0.0000000000000000        0.0000000000000000     
   9.2999999999998462       0.33033166969606353        0.0000000000000000        2988.6852855253219        0.0000000000000000       -1.1619220307216966E-302   0.0000000000000000        30.725670981550525        0.0000000000000000        22443.673810538563        1.0000000000000000        0.0000000000000000        0.0000000000000000        0.0000000000000000     
   9.3099999999998460       0.33033166969606353        0.0000000000000000        2989.0077200747396        0.0000000000000000       -1.1619220307216966E-302   0.0000000000000000        30.728974298247486        0.0000000000000000        22473.562275565793        1.0000000000000000        0.0000000000000000        0.0000000000000000        0.0000000000000000     
   9.3199999999998457       0.33033166969606353        0.0000000000000000        2989.3301555493799        0.0000000000000000       -1.1619220307216966E-302   0.0000000000000000        30.732277614944447        0.0000000000000000        22503.453964943143        1.0000000000000000        0.0000000000000000        0.0000000000000000        0.0000000000000000     
   9.3299999999998455       0.33033166969606353        0.0000000000000000        2989.6525919493465        0.0000000000000000       -1.1619220307216966E-302   0.0000000000000000        30.735580931641408        0.0000000000000000        22533.348878679866        1.0000000000000000        0.0000000000000000        0.0000000000000000        0.0000000000000000     
   9.3399999999998453       0.33033166969606353        0.0000000000000000        2989.9750292747431        0.0000000000000000       -1.1619220307216966E-302   0.0000000000000000        30.738884248338369        0.0000000000000000        22563.247016785215        1.0000000000000000        0.0000000000000000        0.0000000000000000        0.0000000000000000     
   9.3499999999998451       0.33033166969606353        0.0000000000000000        2990.2974675256737        0.0000000000000000       -1.1619220307216966E-302   0.0000000000000000        30.742187565035330        0.0000000000000000        22593.148379268445        1.0000000000000000        0.0000000000000000        0.0000000000000000        0.0000000000000000     
   9.3599999999998449       0.33033166969606353        0.0000000000000000        2990.6199067022421        0.0000000000000000       -1.1619220307216966E-302   0.0000000000000000        30.745490881732291        0.0000000000000000        22623.052966138814        1.0000000000000000        0.0000000000000000        0.0000000000000000        0.0000000000000000     
   9.3699999999998447       0.33033166969606353        0.0000000000000000        2990.9423468045520        0.0000000000000000       -1.1619220307216966E-302   0.0000000000000000        30.748794198429252        0.0000000000000000        22652.960777405577        1.0000000000000000        0.0000000000000000        0.0000000000000000        0.0000000000000000     
   9.3799999999998445       0.33033166969606353        0.0000000000000000        2991.2647878327070        0.0000000000000000       -1.1619220307216966E-302   0.0000000000000000        30.752097515126213        0.0000000000000000        22682.871813077993        1.0000000000000000        0.0000000000000000        0.0000000000000000        0.0000000000000000     
   9.3899999999998442       0.33033166969606353        0.0000000000000000        2991.5872297868113        0.0000000000000000       -1.1619220307216966E-302   0.0000000000000000        30.755400831823174        0.0000000000000000        22712.786073165320        1.0000000000000000        0.0000000000000000        0.0000000000000000        0.0000000000000000     
   9.3999999999998440       0.33033166969606353        0.0000000000000000        2991.9096726669686        0.0000000000000000       -1.1619220307216966E-302   0.0000000000000000        30.758704148520135        0.0000000000000000        22742.703557676818        1.0000000000000000        0.0000000000000000        0.0000000000000000        0.0000000000000000     
   9.4099999999998438       0.33033166969606353        0.0000000000000000        2992.2321164732825        0.0000000000000000       -1.1619220307216966E-302   0.0000000000000000        30.762007465217096        0.0000000000000000        22772.624266621748        1.0000000000000000        0.0000000000000000        0.0000000000000000        0.0000000000000000     
   9.4199999999998436       0.33033166969606353        0.0000000000000000        2992.5545612058568        0.0000000000000000       -1.1619220307216966E-302   0.0000000000000000        30.765310781914057        0.0000000000000000        22802.548200009373        1.0000000000000000        0.0000000000000000        0.0000000000000000        0.0000000000000000     
   9.4299999999998434       0.33033166969606353        0.0000000000000000        2992.8770068647955        0.0000000000000000       -1.1619220307216966E-302   0.0000000000000000        30.768614098611017        0.0000000000000000        22832.475357848954        1.0000000000000000        0.0000000000000000        0.0000000000000000        0.0000000000000000     
   9.4399999999998432       0.33033166969606353        0.0000000000000000        2993.1994534502023        0.0000000000000000       -1.1619220307216966E-302   0.0000000000000000        30.771917415307978        0.0000000000000000        22862.405740149756        1.0000000000000000        0.0000000000000000        0.0000000000000000        0.0000000000000000     
   9.4499999999998430       0.33033166969606353        0.0000000000000000        2993.5219009621810        0.0000000000000000       -1.1619220307216966E-302   0.0000000000000000        30.775220732004939        0.0000000000000000        22892.339346921046        1.0000000000000000        0.0000000000000000        0.0000000000000000        0.0000000000000000     
   9.4599999999998428       0.33033166969606353        0.0000000000000000        2993.8443494008352        0.0000000000000000       -1.1619220307216966E-302   0.0000000000000000        30.778524048701900        0.0000000000000000        22922.276178172087        1.0000000000000000        0.0000000000000000        0.0000000000000000        0.0000000000000000     
   9.4699999999998425       0.33033166969606353        0.0000000000000000        2994.1667987662690        0.0000000000000000       -1.1619220307216966E-302   0.0000000000000000        30.781827365398861        0.0000000000000000        22952.216233912150        1.0000000000000000        0.0000000000000000        0.0000000000000000        0.0000000000000000     
   9.4799999999998423       0.33033166969606353        0.0000000000000000        2994.4892490585862        0.0000000000000000       -1.1619220307216966E-302   0.0000000000000000        30.785130682095822        0.0000000000000000        22982.159514150502        1.0000000000000000        0.0000000000000000        0.0000000000000000        0.0000000000000000     
   9.4899999999998421       0.33033166969606353        0.0000000000000000        2994.8117002778908        0.0000000000000000       -1.1619220307216966E-302   0.0000000000000000        30.788433998792783        0.0000000000000000        23012.106018896411        1.0000000000000000        0.0000000000000000        0.0000000000000000        0.0000000000000000     
   9.4999999999998419       0.33033166969606353        0.0000000000000000        2995.1341524242862        0.0000000000000000       -1.1619220307216966E-302   0.0000000000000000        30.791737315489744        0.0000000000000000        23042.055748159150        1.0000000000000000        0.0000000000000000        0.0000000000000000        0.0000000000000000     
   9.5099999999998417       0.33033166969606353        0.0000000000000000        2995.4566054978764        0.0000000000000000       -1.1619220307216966E-302   0.0000000000000000        30.795040632186705        0.0000000000000000        23072.008701947987        1.0000000000000000        0.0000000000000000        0.0000000000000000        0.0000000000000000     
   9.5199999999998415       0.33033166969606353        0.0000000000000000        2995.7790594987655        0.0000000000000000       -1.1619220307216966E-302   0.0000000000000000        30.798343948883666        0.0000000000000000        23101.964880272197        1.0000000000000000        0.0000000000000000        0.0000000000000000        0.0000000000000000     
   9.5299999999998413       0.33033166969606353        0.0000000000000000        2996.1015144270568        0.0000000000000000       -1.1619220307216966E-302   0.0000000000000000        30.801647265580627        0.0000000000000000        23131.924283141052        1.0000000000000000        0.0000000000000000        0.0000000000000000        0.0000000000000000     
   9.5399999999998411       0.33033166969606353        0.0000000000000000        2996.4239702828545        0.0000000000000000       -1.1619220307216966E-302   0.0000000000000000        30.804950582277588        0.0000000000000000        23161.886910563830        1.0000000000000000        0.0000000000000000        0.0000000000000000        0.0000000000000000     
   9.5499999999998408       0.33033166969606353        0.0000000000000000        2996.7464270662626        0.0000000000000000       -1.1619220307216966E-302   0.0000000000000000        30.808253898974549        0.0000000000000000        23191.852762549803        1.0000000000000000        0.0000000000000000        0.0000000000000000        0.0000000000000000     
   9.5599999999998406       0.33033166969606353        0.0000000000000000        2997.0688847773845        0.0000000000000000       -1.1619220307216966E-302   0.0000000000000000        30.811557215671510        0.0000000000000000        23221.821839108248        1.0000000000000000        0.0000000000000000        0.0000000000000000        0.0000000000000000     
   9.5699999999998404       0.33033166969606353        0.0000000000000000        2997.3913434163242        0.0000000000000000       -1.1619220307216966E-302   0.0000000000000000        30.814860532368471        0.0000000000000000        23251.794140248443        1.0000000000000000        0.0000000000000000        0.0000000000000000        0.0000000000000000     
   9.5799999999998402       0.33033166969606353        0.0000000000000000        2997.7138029831854        0.0000000000000000       -1.1619220307216966E-302   0.0000000000000000        30.818163849065431        0.0000000000000000        23281.769665979667        1.0000000000000000        0.0000000000000000        0.0000000000000000        0.0000000000000000     
   9.5899999999998400       0.33033166969606353        0.0000000000000000        2998.0362634780722        0.0000000000000000       -1.1619220307216966E-302   0.0000000000000000        30.821467165762392        0.0000000000000000        23311.748416311202        1.0000000000000000        0.0000000000000000        0.0000000000000000        0.0000000000000000     
   9.5999999999998398       0.33033166969606353        0.0000000000000000        2998.3587249010884        0.0000000000000000       -1.1619220307216966E-302   0.0000000000000000        30.824770482459353        0.0000000000000000        23341.730391252324        1.0000000000000000        0.0000000000000000        0.0000000000000000        0.0000000000000000     
   9.6099999999998396       0.33033166969606353        0.0000000000000000        2998.6811872523376        0.0000000000000000       -1.1619220307216966E-302   0.0000000000000000        30.828073799156314        0.0000000000000000        23371.715590812317        1.0000000000000000        0.0000000000000000        0.0000000000000000        0.0000000000000000     
   9.6199999999998393       0.33033166969606353        0.0000000000000000        2999.0036505319235        0.0000000000000000       -1.1619220307216966E-302   0.0000000000000000        30.831377115853275        0.0000000000000000        23401.704015000465        1.0000000000000000        0.0000000000000000        0.0000000000000000        0.0000000000000000     
   9.6299999999998391       0.33033166969606353        0.0000000000000000        2999.3261147399503        0.0000000000000000       -1.1619220307216966E-302   0.0000000000000000        30.834680432550236        0.0000000000000000        23431.695663826049        1.0000000000000000        0.0000000000000000        0.0000000000000000        0.0000000000000000     
   9.6399999999998389       0.33033166969606353        0.0000000000000000        2999.6485798765216        0.0000000000000000       -1.1619220307216966E-302   0.0000000000000000        30.837983749247197        0.0000000000000000        23461.690537298357        1.0000000000000000        0.0000000000000000        0.0000000000000000        0.0000000000000000     
   9.6499999999998387       0.33033166969606353        0.0000000000000000        2999.9710459417415        0.0000000000000000       -1.1619220307216966E-302   0.0000000000000000        30.841287065944158        0.0000000000000000        23491.688635426675        1.0000000000000000        0.0000000000000000        0.0000000000000000        0.0000000000000000     
   9.6599999999998385       0.33033166969606353        0.0000000000000000        3000.2935129357138        0.0000000000000000       -1.1619220307216966E-302   0.0000000000000000        30.844590382641119        0.0000000000000000        23521.689958220290        1.0000000000000000        0.0000000000000000        0.0000000000000000        0.0000000000000000     
   9.6699999999998383       0.33033166969606353        0.0000000000000000        3000.6159808585421        0.0000000000000000       -1.1619220307216966E-302   0.0000000000000000        30.847893699338080        0.0000000000000000        23551.694505688487        1.0000000000000000        0.0000000000000000        0.0000000000000000        0.0000000000000000     
   9.6799999999998381       0.33033166969606353        0.0000000000000000        3000.9384497103306        0.0000000000000000       -1.1619220307216966E-302   0.0000000000000000        30.851197016035041        0.0000000000000000        23581.702277840559        1.0000000000000000        0.0000000000000000        0.0000000000000000        0.0000000000000000     
   9.6899999999998379       0.33033166969606353        0.0000000000000000        3001.2609194911829        0.0000000000000000       -1.1619220307216966E-302   0.0000000000000000        30.854500332732002        0.0000000000000000        23611.713274685793        1.0000000000000000        0.0000000000000000        0.0000000000000000        0.0000000000000000     
   9.6999999999998376       0.33033166969606353        0.0000000000000000        3001.5833902012027        0.0000000000000000       -1.1619220307216966E-302   0.0000000000000000        30.857803649428963        0.0000000000000000        23641.727496233481        1.0000000000000000        0.0000000000000000        0.0000000000000000        0.0000000000000000     
   9.7099999999998374       0.33033166969606353        0.0000000000000000        3001.9058618404943        0.0000000000000000       -1.1619220307216966E-302   0.0000000000000000        30.861106966125924        0.0000000000000000        23671.744942492915        1.0000000000000000        0.0000000000000000        0.0000000000000000        0.0000000000000000     
   9.7199999999998372       0.33033166969606353        0.0000000000000000        3002.2283344091611        0.0000000000000000       -1.1619220307216966E-302   0.0000000000000000        30.864410282822885        0.0000000000000000        23701.765613473388        1.0000000000000000        0.0000000000000000        0.0000000000000000        0.0000000000000000     
   9.7299999999998370       0.33033166969606353        0.0000000000000000        3002.5508079073070        0.0000000000000000       -1.1619220307216966E-302   0.0000000000000000        30.867713599519846        0.0000000000000000        23731.789509184197        1.0000000000000000        0.0000000000000000        0.0000000000000000        0.0000000000000000     
   9.7399999999998368       0.33033166969606353        0.0000000000000000        3002.8732823350360        0.0000000000000000       -1.1619220307216966E-302   0.0000000000000000        30.871016916216806        0.0000000000000000        23761.816629634635        1.0000000000000000        0.0000000000000000        0.0000000000000000        0.0000000000000000     
   9.7499999999998366       0.33033166969606353        0.0000000000000000        3003.1957576924524        0.0000000000000000       -1.1619220307216966E-302   0.0000000000000000        30.874320232913767        0.0000000000000000        23791.846974833999        1.0000000000000000        0.0000000000000000        0.0000000000000000        0.0000000000000000     
   9.7599999999998364       0.33033166969606353        0.0000000000000000        3003.5182339796593        0.0000000000000000       -1.1619220307216966E-302   0.0000000000000000        30.877623549610728        0.0000000000000000        23821.880544791584        1.0000000000000000        0.0000000000000000        0.0000000000000000        0.0000000000000000     
   9.7699999999998361       0.33033166969606353        0.0000000000000000        3003.8407111967608        0.0000000000000000       -1.1619220307216966E-302   0.0000000000000000        30.880926866307689        0.0000000000000000        23851.917339516691        1.0000000000000000        0.0000000000000000        0.0000000000000000        0.0000000000000000     
   9.7799999999998359       0.33033166969606353        0.0000000000000000        3004.1631893438612        0.0000000000000000       -1.1619220307216966E-302   0.0000000000000000        30.884230183004650        0.0000000000000000        23881.957359018619        1.0000000000000000        0.0000000000000000        0.0000000000000000        0.0000000000000000     
   9.7899999999998357       0.33033166969606353        0.0000000000000000        3004.4856684210640        0.0000000000000000       -1.1619220307216966E-302   0.0000000000000000        30.887533499701611        0.0000000000000000        23912.000603306667        1.0000000000000000        0.0000000000000000        0.0000000000000000        0.0000000000000000     
   9.7999999999998355       0.33033166969606353        0.0000000000000000        3004.8081484284730        0.0000000000000000       -1.1619220307216966E-302   0.0000000000000000        30.890836816398572        0.0000000000000000        23942.047072390142        1.0000000000000000        0.0000000000000000        0.0000000000000000        0.0000000000000000     
   9.8099999999998353       0.33033166969606353        0.0000000000000000        3005.1306293661919        0.0000000000000000       -1.1619220307216966E-302   0.0000000000000000        30.894140133095533        0.0000000000000000        23972.096766278341        1.0000000000000000        0.0000000000000000        0.0000000000000000        0.0000000000000000     
   9.8199999999998351       0.33033166969606353        0.0000000000000000        3005.4531112343252        0.0000000000000000       -1.1619220307216966E-302   0.0000000000000000        30.897443449792494        0.0000000000000000        24002.149684980566        1.0000000000000000        0.0000000000000000        0.0000000000000000        0.0000000000000000     
   9.8299999999998349       0.33033166969606353        0.0000000000000000        3005.7755940329762        0.0000000000000000       -1.1619220307216966E-302   0.0000000000000000        30.900746766489455        0.0000000000000000        24032.205828506128        1.0000000000000000        0.0000000000000000        0.0000000000000000        0.0000000000000000     
   9.8399999999998347       0.33033166969606353        0.0000000000000000        3006.0980777622490        0.0000000000000000       -1.1619220307216966E-302   0.0000000000000000        30.904050083186416        0.0000000000000000        24062.265196864329        1.0000000000000000        0.0000000000000000        0.0000000000000000        0.0000000000000000     
   9.8499999999998344       0.33033166969606353        0.0000000000000000        3006.4205624222473        0.0000000000000000       -1.1619220307216966E-302   0.0000000000000000        30.907353399883377        0.0000000000000000        24092.327790064475        1.0000000000000000        0.0000000000000000        0.0000000000000000        0.0000000000000000     
   9.8599999999998342       0.33033166969606353        0.0000000000000000        3006.7430480130752        0.0000000000000000       -1.1619220307216966E-302   0.0000000000000000        30.910656716580338        0.0000000000000000        24122.393608115875        1.0000000000000000        0.0000000000000000        0.0000000000000000        0.0000000000000000     
   9.8699999999998340       0.33033166969606353        0.0000000000000000        3007.0655345348364        0.0000000000000000       -1.1619220307216966E-302   0.0000000000000000        30.913960033277299        0.0000000000000000        24152.462651027839        1.0000000000000000        0.0000000000000000        0.0000000000000000        0.0000000000000000     
   9.8799999999998338       0.33033166969606353        0.0000000000000000        3007.3880219876351        0.0000000000000000       -1.1619220307216966E-302   0.0000000000000000        30.917263349974260        0.0000000000000000        24182.534918809677        1.0000000000000000        0.0000000000000000        0.0000000000000000        0.0000000000000000     
   9.8899999999998336       0.33033166969606353        0.0000000000000000        3007.7105103715749        0.0000000000000000       -1.1619220307216966E-302   0.0000000000000000        30.920566666671220        0.0000000000000000        24212.610411470698        1.0000000000000000        0.0000000000000000        0.0000000000000000        0.0000000000000000     
   9.8999999999998334       0.33033166969606353        0.0000000000000000        3008.0329996867595        0.0000000000000000       -1.1619220307216966E-302   0.0000000000000000        30.923869983368181        0.0000000000000000        24242.689129020215        1.0000000000000000        0.0000000000000000        0.0000000000000000        0.0000000000000000     
   9.9099999999998332       0.33033166969606353        0.0000000000000000        3008.3554899332930        0.0000000000000000       -1.1619220307216966E-302   0.0000000000000000        30.927173300065142        0.0000000000000000        24272.771071467538        1.0000000000000000        0.0000000000000000        0.0000000000000000        0.0000000000000000     
   9.9199999999998330       0.33033166969606353        0.0000000000000000        3008.6779811112792        0.0000000000000000       -1.1619220307216966E-302   0.0000000000000000        30.930476616762103        0.0000000000000000        24302.856238821983        1.0000000000000000        0.0000000000000000        0.0000000000000000        0.0000000000000000     
   9.9299999999998327       0.33033166969606353        0.0000000000000000        3009.0004732208222        0.0000000000000000       -1.1619220307216966E-302   0.0000000000000000        30.933779933459064        0.0000000000000000        24332.944631092869        1.0000000000000000        0.0000000000000000        0.0000000000000000        0.0000000000000000     
   9.9399999999998325       0.33033166969606353        0.0000000000000000        3009.3229662620256        0.0000000000000000       -1.1619220307216966E-302   0.0000000000000000        30.937083250156025        0.0000000000000000        24363.036248289507        1.0000000000000000        0.0000000000000000        0.0000000000000000        0.0000000000000000     
   9.9499999999998323       0.33033166969606353        0.0000000000000000        3009.6454602349936        0.0000000000000000       -1.1619220307216966E-302   0.0000000000000000        30.940386566852986        0.0000000000000000        24393.131090421215        1.0000000000000000        0.0000000000000000        0.0000000000000000        0.0000000000000000     
   9.9599999999998321       0.33033166969606353        0.0000000000000000        3009.9679551398299        0.0000000000000000       -1.1619220307216966E-302   0.0000000000000000        30.943689883549947        0.0000000000000000        24423.229157497313        1.0000000000000000        0.0000000000000000        0.0000000000000000        0.0000000000000000     
   9.9699999999998319       0.33033166969606353        0.0000000000000000        3010.2904509766386        0.0000000000000000       -1.1619220307216966E-302   0.0000000000000000        30.946993200246908        0.0000000000000000        24453.330449527119        1.0000000000000000        0.0000000000000000        0.0000000000000000        0.0000000000000000     
   9.9799999999998317       0.33033166969606353        0.0000000000000000        3010.6129477455233        0.0000000000000000       -1.1619220307216966E-302   0.0000000000000000        30.950296516943869        0.0000000000000000        24483.434966519952        1.0000000000000000        0.0000000000000000        0.0000000000000000        0.0000000000000000     
   9.9899999999998315       0.33033166969606353        0.0000000000000000        3010.9354454465883        0.0000000000000000       -1.1619220307216966E-302   0.0000000000000000        30.953599833640830        0.0000000000000000        24513.542708485136        1.0000000000000000        0.0000000000000000        0.0000000000000000        0.0000000000000000     
   9.9999999999998312       0.33033166969606353        0.0000000000000000        3011.2579440799373        0.0000000000000000       -1.1619220307216966E-302   0.0000000000000000        30.956903150337791        0.0000000000000000        24543.653675431993        1.0000000000000000        0.0000000000000000        0.0000000000000000        0.0000000000000000     
